7.854398345947265625e+01
8.304347229003906250e+01
9.461209106445312500e+01
9.787871551513671875e+01
8.990838623046875000e+01
8.502819824218750000e+01
1.050579757690429688e+02
1.053660736083984375e+02
1.021962738037109375e+02
1.003889923095703125e+02
9.662102508544921875e+01
1.101563720703125000e+02
1.057163696289062500e+02
1.076428985595703125e+02
1.044619140625000000e+02
8.499591827392578125e+01
8.934895324707031250e+01
5.247624969482421875e+01
5.514042663574218750e+01
6.284352874755859375e+01
6.520114135742187500e+01
5.926622009277343750e+01
5.620316314697265625e+01
6.966145324707031250e+01
6.990716552734375000e+01
6.787200164794921875e+01
6.707527923583984375e+01
6.465183258056640625e+01
7.406954956054687500e+01
7.124651336669921875e+01
7.213027954101562500e+01
7.059927368164062500e+01
5.681540679931640625e+01
5.984257507324218750e+01
3.457791900634765625e+01
3.623789215087890625e+01
4.137583923339843750e+01
4.277325439453125000e+01
3.884928131103515625e+01
3.655010604858398438e+01
4.574876403808593750e+01
4.583242797851562500e+01
4.430109405517578125e+01
4.373818969726562500e+01
4.198451995849609375e+01
4.843317413330078125e+01
4.614804077148437500e+01
4.705020141601562500e+01
4.581761169433593750e+01
3.667755889892578125e+01
3.846767044067382812e+01
2.188582038879394531e+01
2.293818664550781250e+01
2.612811279296875000e+01
2.707701110839843750e+01
2.448572158813476562e+01
2.293479728698730469e+01
2.894431686401367188e+01
2.884804916381835938e+01
2.799792480468750000e+01
2.752448463439941406e+01
2.637914466857910156e+01
3.029309082031250000e+01
2.903642463684082031e+01
2.939618110656738281e+01
2.858722877502441406e+01
2.270597839355468750e+01
2.382878494262695312e+01
1.313370132446289062e+01
1.374346733093261719e+01
1.582619857788085938e+01
1.633187103271484375e+01
1.466626262664794922e+01
1.367407321929931641e+01
1.742362976074218750e+01
1.735966491699218750e+01
1.676638412475585938e+01
1.647690773010253906e+01
1.570504188537597656e+01
1.815255355834960938e+01
1.731972694396972656e+01
1.757079696655273438e+01
1.698814010620117188e+01
1.332042121887207031e+01
1.402924060821533203e+01
7.433393955230712891e+00
7.786995887756347656e+00
9.026348114013671875e+00
9.367853164672851562e+00
8.319999694824218750e+00
7.714074611663818359e+00
9.901494026184082031e+00
9.925842285156250000e+00
9.529852867126464844e+00
9.359967231750488281e+00
8.877405166625976562e+00
1.037066268920898438e+01
9.869750976562500000e+00
9.999334335327148438e+00
9.634181022644042969e+00
7.389794826507568359e+00
7.814665794372558594e+00
3.941767930984497070e+00
4.124168395996093750e+00
4.831511497497558594e+00
5.042294979095458984e+00
4.422915458679199219e+00
4.072848320007324219e+00
5.357789993286132812e+00
5.365174293518066406e+00
5.130420684814453125e+00
5.024219512939453125e+00
4.737102508544921875e+00
5.589885711669921875e+00
5.323255538940429688e+00
5.407539844512939453e+00
5.166081428527832031e+00
4.000726699829101562e+00
4.131029129028320312e+00
1.899680852890014648e+00
2.037137031555175781e+00
2.427813053131103516e+00
2.546728134155273438e+00
2.198064327239990234e+00
1.999281167984008789e+00
2.741124629974365234e+00
2.721926450729370117e+00
2.594658374786376953e+00
2.540852069854736328e+00
2.402095794677734375e+00
2.886251926422119141e+00
2.702740192413330078e+00
2.780268430709838867e+00
2.667597293853759766e+00
1.933221936225891113e+00
2.056411504745483398e+00
8.368149995803833008e-01
9.002342820167541504e-01
1.126181602478027344e+00
1.186263322830200195e+00
1.003848314285278320e+00
8.877978920936584473e-01
1.294958472251892090e+00
1.312958240509033203e+00
1.243316650390625000e+00
1.206152677536010742e+00
1.135755538940429688e+00
1.412418842315673828e+00
1.316474437713623047e+00
1.344339609146118164e+00
1.300645589828491211e+00
8.886737227439880371e-01
9.756473898887634277e-01
3.247773051261901855e-01
3.569360971450805664e-01
4.775878190994262695e-01
5.119524002075195312e-01
4.146358668804168701e-01
3.633446097373962402e-01
5.850366353988647461e-01
5.893848538398742676e-01
5.576460361480712891e-01
5.469359159469604492e-01
5.005312561988830566e-01
6.732461452484130859e-01
6.175034046173095703e-01
6.419356465339660645e-01
6.131606698036193848e-01
3.970120549201965332e-01
4.410941004753112793e-01
