7.854398345947265625e+01
8.304347229003906250e+01
9.461209106445312500e+01
9.787871551513671875e+01
8.990838623046875000e+01
8.502819824218750000e+01
1.050579757690429688e+02
1.053660736083984375e+02
1.021962738037109375e+02
1.003889923095703125e+02
9.662102508544921875e+01
1.101563720703125000e+02
1.057163696289062500e+02
1.076428985595703125e+02
1.044619140625000000e+02
8.499591827392578125e+01
8.934895324707031250e+01
5.247624969482421875e+01
5.514042663574218750e+01
6.284352874755859375e+01
6.520114135742187500e+01
5.926622009277343750e+01
5.620316314697265625e+01
6.966145324707031250e+01
6.990716552734375000e+01
6.787200164794921875e+01
6.707527923583984375e+01
6.465183258056640625e+01
7.406954956054687500e+01
7.124651336669921875e+01
7.213027954101562500e+01
7.059927368164062500e+01
5.681540679931640625e+01
5.984257507324218750e+01
3.457791900634765625e+01
3.623789215087890625e+01
4.137583923339843750e+01
4.277325439453125000e+01
3.884928131103515625e+01
3.655010604858398438e+01
4.574876403808593750e+01
4.583242797851562500e+01
4.430109405517578125e+01
4.373818969726562500e+01
4.198451995849609375e+01
4.843317413330078125e+01
4.614804077148437500e+01
4.705020141601562500e+01
4.581761169433593750e+01
3.667755889892578125e+01
3.846767044067382812e+01
2.188582038879394531e+01
2.293818664550781250e+01
2.612811279296875000e+01
2.707701110839843750e+01
2.448572158813476562e+01
2.293479728698730469e+01
2.894431686401367188e+01
2.884804916381835938e+01
2.799792480468750000e+01
2.752448463439941406e+01
2.637914466857910156e+01
3.029309082031250000e+01
2.903642463684082031e+01
2.939618110656738281e+01
2.858722877502441406e+01
2.270597839355468750e+01
2.382878494262695312e+01
1.313370132446289062e+01
1.374346733093261719e+01
1.582619857788085938e+01
1.633187103271484375e+01
1.466626262664794922e+01
1.367407321929931641e+01
1.742362976074218750e+01
1.735966491699218750e+01
1.676638412475585938e+01
1.647690773010253906e+01
1.570504188537597656e+01
1.815255355834960938e+01
1.731972694396972656e+01
1.757079696655273438e+01
1.698814010620117188e+01
1.332042121887207031e+01
1.402924060821533203e+01
7.433393955230712891e+00
7.786995887756347656e+00
9.026348114013671875e+00
9.367853164672851562e+00
8.319999694824218750e+00
7.714074611663818359e+00
9.901494026184082031e+00
9.925842285156250000e+00
9.529852867126464844e+00
9.359967231750488281e+00
8.877405166625976562e+00
1.037066268920898438e+01
9.869750976562500000e+00
9.999334335327148438e+00
9.634181022644042969e+00
7.389794826507568359e+00
7.814665794372558594e+00
3.941767930984497070e+00
4.124168395996093750e+00
4.831511497497558594e+00
5.042294979095458984e+00
4.422915458679199219e+00
4.072848320007324219e+00
5.357789993286132812e+00
5.365174293518066406e+00
5.130420684814453125e+00
5.024219512939453125e+00
4.737102508544921875e+00
5.589885711669921875e+00
5.323255538940429688e+00
5.407539844512939453e+00
5.166081428527832031e+00
4.000726699829101562e+00
4.131029129028320312e+00
1.899680852890014648e+00
2.037137031555175781e+00
2.427813053131103516e+00
2.546728134155273438e+00
2.198064327239990234e+00
1.999281167984008789e+00
2.741124629974365234e+00
2.721926450729370117e+00
2.594658374786376953e+00
2.540852069854736328e+00
2.402095794677734375e+00
2.886251926422119141e+00
2.702740192413330078e+00
2.780268430709838867e+00
2.667597293853759766e+00
1.933221936225891113e+00
2.056411504745483398e+00
8.368149995803833008e-01
9.002342820167541504e-01
1.126181602478027344e+00
1.186263322830200195e+00
1.003848314285278320e+00
8.877978920936584473e-01
1.294958472251892090e+00
1.312958240509033203e+00
1.243316650390625000e+00
1.206152677536010742e+00
1.135755538940429688e+00
1.412418842315673828e+00
1.316474437713623047e+00
1.344339609146118164e+00
1.300645589828491211e+00
8.886737227439880371e-01
9.756473898887634277e-01
3.247773051261901855e-01
3.569360971450805664e-01
4.775878190994262695e-01
5.119524002075195312e-01
4.146358668804168701e-01
3.633446097373962402e-01
5.850366353988647461e-01
5.893848538398742676e-01
5.576460361480712891e-01
5.469359159469604492e-01
5.005312561988830566e-01
6.732461452484130859e-01
6.175034046173095703e-01
6.419356465339660645e-01
6.131606698036193848e-01
3.970120549201965332e-01
4.410941004753112793e-01
1.116760373115539551e-01
1.112609356641769409e-01
1.413194537162780762e-01
1.284644007682800293e-01
7.056853175163269043e-02
4.098319634795188904e-02
8.138073980808258057e-02
5.749053135514259338e-02
3.156859055161476135e-02
1.598468050360679626e-02
4.296455532312393188e-03
6.361385807394981384e-03
2.615271601825952530e-03
4.798138514161109924e-03
1.771688088774681091e-02
7.087899744510650635e-02
9.017838537693023682e-02
2.465703040361404419e-01
2.737561166286468506e-01
2.778374254703521729e-01
2.942708432674407959e-01
3.315938115119934082e-01
3.603365421295166016e-01
3.056082427501678467e-01
2.872526049613952637e-01
2.726731300354003906e-01
2.447345852851867676e-01
2.121017426252365112e-01
1.446678638458251953e-01
1.093565970659255981e-01
6.847355514764785767e-02
4.228079319000244141e-02
4.245768114924430847e-02
1.366524212062358856e-02
6.056179851293563843e-02
3.018114902079105377e-02
3.755859099328517914e-03
3.814144292846322060e-03
3.894362132996320724e-03
7.366888225078582764e-03
5.697481334209442139e-02
8.356166630983352661e-02
9.904189407825469971e-02
1.223626732826232910e-01
1.345688402652740479e-01
2.275705933570861816e-01
2.396710216999053955e-01
2.801550924777984619e-01
2.762819528579711914e-01
1.586884558200836182e-01
1.866900473833084106e-01
1.957849785685539246e-02
2.674494497478008270e-02
5.166964977979660034e-02
6.056209653615951538e-02
3.713095933198928833e-02
2.644634619355201721e-02
7.647151499986648560e-02
7.350206375122070312e-02
6.209818273782730103e-02
5.489497631788253784e-02
4.248788952827453613e-02
7.020576298236846924e-02
5.173240602016448975e-02
4.909095168113708496e-02
3.505302965641021729e-02
3.482033731415867805e-03
3.286124672740697861e-03
4.960472136735916138e-02
5.091651901602745056e-02
3.921384736895561218e-02
3.963093459606170654e-02
6.112786382436752319e-02
7.771417498588562012e-02
4.258558154106140137e-02
4.447498172521591187e-02
4.977885633707046509e-02
4.884179681539535522e-02
5.063873156905174255e-02
2.423426136374473572e-02
2.296070754528045654e-02
1.385524868965148926e-02
9.864013642072677612e-03
2.219624258577823639e-02
8.934536948800086975e-03
6.467392295598983765e-02
4.296584427356719971e-02
1.576133817434310913e-02
5.644180811941623688e-03
7.854912430047988892e-03
6.512760184705257416e-03
6.972336675971746445e-03
1.324319466948509216e-02
1.773120090365409851e-02
2.332778275012969971e-02
2.716156467795372009e-02
6.823952496051788330e-02
7.194355130195617676e-02
9.235275536775588989e-02
9.923571348190307617e-02
4.826935008168220520e-02
6.957274675369262695e-02
7.713512168265879154e-04
2.421352081000804901e-03
1.366948895156383514e-02
2.132959291338920593e-02
1.139349676668643951e-02
7.685109041631221771e-03
4.286332428455352783e-02
4.581204801797866821e-02
4.279670119285583496e-02
3.870964050292968750e-02
3.280425816774368286e-02
6.373707950115203857e-02
5.112509429454803467e-02
5.270271748304367065e-02
4.368454962968826294e-02
8.074436336755752563e-03
9.457645006477832794e-03
3.349095582962036133e-02
3.235993906855583191e-02
1.905353926122188568e-02
1.835929788649082184e-02
3.199102729558944702e-02
4.172715544700622559e-02
1.455059647560119629e-02
1.483663450926542282e-02
1.613599061965942383e-02
1.551249809563159943e-02
1.691190153360366821e-02
4.147196654230356216e-03
3.185156267136335373e-03
8.044176502153277397e-04
1.855251379311084747e-03
4.892186261713504791e-03
1.340152346529066563e-03
4.108624532818794250e-02
2.443199232220649719e-02
6.104301661252975464e-03
1.190091948956251144e-03
3.380839247256517410e-03
2.750130603089928627e-03
1.266560144722461700e-02
1.904923468828201294e-02
2.241979539394378662e-02
2.834913320839405060e-02
2.937665209174156189e-02
7.031457126140594482e-02
1.143503561615943909e-01
8.517814427614212036e-02
8.819957077503204346e-02
3.826209157705307007e-02
4.957775399088859558e-02
4.805054981261491776e-03
2.767276484519243240e-03
4.334883764386177063e-03
7.779360748827457428e-03
2.871352247893810272e-03
3.271133638918399811e-03
1.727606728672981262e-02
1.972838118672370911e-02
1.800981350243091583e-02
1.743051223456859589e-02
1.443617977201938629e-02
3.121707960963249207e-02
2.817729301750659943e-02
2.689107134938240051e-02
3.168171644210815430e-02
6.886704824864864349e-03
5.061879754066467285e-03
5.688658356666564941e-02
4.160597920417785645e-02
2.177090570330619812e-02
2.366111613810062408e-02
2.991949394345283508e-02
4.647755995392799377e-02
1.326607633382081985e-02
3.393119946122169495e-02
5.768676474690437317e-02
1.242678984999656677e-02
9.824637323617935181e-03
3.367966413497924805e-02
3.850546106696128845e-02
5.739993602037429810e-02
6.153790280222892761e-02
2.726692706346511841e-03
8.760293573141098022e-02
2.655626647174358368e-02
3.960601985454559326e-02
1.060834378004074097e-01
3.953707218170166016e-02
5.800776556134223938e-02
2.737489528954029083e-03
4.715229570865631104e-02
3.325929865241050720e-02
7.262915372848510742e-02
1.179071739315986633e-01
4.006121307611465454e-02
1.380444467067718506e-01
7.492720335721969604e-02
4.513066411018371582e-01
8.089774847030639648e-02
4.231715574860572815e-02
1.548493206501007080e-01
1.432703342288732529e-02
1.712623238563537598e-02
2.381962910294532776e-02
9.184344112873077393e-02
1.126183196902275085e-02
1.890799216926097870e-02
2.379150502383708954e-02
3.218677639961242676e-01
1.662673056125640869e-01
1.393701601773500443e-02
1.680658459663391113e-01
2.737182080745697021e-01
2.110179141163825989e-02
1.511467806994915009e-02
8.380105718970298767e-03
1.636396795511245728e-01
2.048530615866184235e-02
7.081889361143112183e-02
4.093693569302558899e-02
2.156339958310127258e-02
9.314801543951034546e-02
1.117971390485763550e-01
2.915220148861408234e-02
2.026296686381101608e-03
2.729246392846107483e-02
8.782037347555160522e-02
5.811233073472976685e-03
2.595082819461822510e-01
1.684110425412654877e-02
1.979747228324413300e-02
2.840546891093254089e-02
4.052800685167312622e-02
1.345421932637691498e-02
2.100534178316593170e-02
1.282697636634111404e-02
8.012831211090087891e-03
1.430879347026348114e-03
5.005441606044769287e-03
5.779430270195007324e-03
7.598736556246876717e-04
1.987197436392307281e-02
2.534941583871841431e-02
3.306554257869720459e-02
2.582240477204322815e-02
2.248935773968696594e-02
5.139520391821861267e-02
5.158803984522819519e-02
5.186381191015243530e-02
4.351215064525604248e-02
9.614567272365093231e-03
1.290999259799718857e-02
2.676343545317649841e-02
2.379066124558448792e-02
1.206973753869533539e-02
1.010397076606750488e-02
2.030239067971706390e-02
2.724032476544380188e-02
6.438643671572208405e-03
4.457406233996152878e-03
5.879014730453491211e-03
4.151222296059131622e-03
4.434524103999137878e-03
1.751276431605219841e-03
3.793237032368779182e-03
1.239973958581686020e-02
1.049149408936500549e-02
1.077480381354689598e-03
7.036822382360696793e-03
2.378602698445320129e-02
1.244724355638027191e-02
1.675084349699318409e-03
1.583846053108572960e-03
2.098754048347473145e-03
1.197471981868147850e-03
2.071368135511875153e-02
2.780559659004211426e-02
3.009771369397640228e-02
3.361056745052337646e-02
3.366006538271903992e-02
7.083786278963088989e-02
6.895574182271957397e-02
7.592851668596267700e-02
6.984772533178329468e-02
2.298125810921192169e-02
2.823441289365291595e-02
1.400635298341512680e-02
1.118456199765205383e-02
3.698599990457296371e-03
2.255565952509641647e-03
8.332697674632072449e-03
1.387785747647285461e-02
2.642068546265363693e-03
5.385548574849963188e-04
6.822010618634521961e-04
4.271745681762695312e-03
8.863315451890230179e-04
6.870841607451438904e-03
5.297469440847635269e-03
8.958023972809314728e-03
1.276945136487483978e-02
7.607616018503904343e-03
7.172881159931421280e-03
3.344744443893432617e-02
2.122106216847896576e-02
5.764311179518699646e-03
1.798656769096851349e-03
7.437853142619132996e-03
1.209480315446853638e-02
5.459785461425781250e-03
9.052661247551441193e-03
1.071483828127384186e-02
1.522332243621349335e-02
1.340373791754245758e-02
4.122534021735191345e-02
4.019486904144287109e-02
5.244410783052444458e-02
5.311188101768493652e-02
2.110238932073116302e-02
2.719117701053619385e-02
1.184970699250698090e-02
7.750365883111953735e-03
1.176469377242028713e-03
1.084195915609598160e-03
1.550093526020646095e-03
3.340369090437889099e-03
6.830995902419090271e-03
1.121648121625185013e-02
8.657941594719886780e-03
8.230360224843025208e-03
6.602157838642597198e-03
2.674440853297710419e-02
2.038209326565265656e-02
3.577272221446037292e-02
2.526328526437282562e-02
3.192988224327564240e-03
5.957416258752346039e-03
1.946386098861694336e-01
1.490535289049148560e-01
6.375025212764739990e-02
2.089490368962287903e-02
4.416811093688011169e-02
5.122856795787811279e-02
8.182471990585327148e-02
1.089213937520980835e-01
1.189906746149063110e-01
1.377092152833938599e-01
1.393111944198608398e-01
2.608557343482971191e-01
2.658016383647918701e-01
3.002997934818267822e-01
3.060696125030517578e-01
1.659449934959411621e-01
2.155710756778717041e-01
7.022828608751296997e-02
3.928891941905021667e-02
3.145778551697731018e-02
6.616868078708648682e-02
2.377728372812271118e-02
6.676756776869297028e-03
1.292068660259246826e-01
1.410236060619354248e-01
1.480975449085235596e-01
1.317057758569717407e-01
1.162820085883140564e-01
1.994715631008148193e-01
1.755569875240325928e-01
1.909782290458679199e-01
1.742475777864456177e-01
5.041383579373359680e-02
7.590140402317047119e-02
1.847139894962310791e-01
1.628321260213851929e-01
9.943465888500213623e-02
7.750027626752853394e-02
1.213938295841217041e-01
1.476753652095794678e-01
3.306819126009941101e-02
2.816387638449668884e-02
3.291916847229003906e-02
2.797100692987442017e-02
2.779650315642356873e-02
5.645816400647163391e-02
5.708504840731620789e-02
8.836536109447479248e-02
9.212734550237655640e-02
2.160060219466686249e-02
5.381225422024726868e-02
1.866803467273712158e-01
1.419288814067840576e-01
5.881965532898902893e-02
2.624694630503654480e-02
1.078658849000930786e-01
6.105174496769905090e-02
6.479860842227935791e-02
8.339854329824447632e-02
9.726330637931823730e-02
1.035479977726936340e-01
1.116171553730964661e-01
2.158060073852539062e-01
2.149721533060073853e-01
2.470274269580841064e-01
2.488898336887359619e-01
1.725434958934783936e-01
1.793695688247680664e-01
9.310370683670043945e-02
6.237104162573814392e-02
1.512197032570838928e-02
4.343301430344581604e-02
1.902456954121589661e-02
1.162506360560655594e-02
1.169259548187255859e-01
1.365259885787963867e-01
1.348009407520294189e-01
1.271751970052719116e-01
1.207691878080368042e-01
2.228094339370727539e-01
2.085109353065490723e-01
2.245714813470840454e-01
2.137622982263565063e-01
8.443062752485275269e-02
1.199781596660614014e-01
1.483155488967895508e-01
1.202921047806739807e-01
5.606411397457122803e-02
3.501449897885322571e-02
7.341103255748748779e-02
9.315765649080276489e-02
1.980596780776977539e-02
5.104237049818038940e-02
3.790958970785140991e-02
4.104620963335037231e-02
2.288233302533626556e-02
1.267535239458084106e-01
9.543634951114654541e-02
1.258529424667358398e-01
1.331640034914016724e-01
2.143016457557678223e-02
5.734318867325782776e-02
1.985472589731216431e-01
1.605565249919891357e-01
8.893820643424987793e-02
6.239298731088638306e-02
1.014060005545616150e-01
1.217512413859367371e-01
1.063540764153003693e-02
2.063032612204551697e-02
1.796120405197143555e-02
2.801864594221115112e-02
2.015495114028453827e-02
1.130548268556594849e-01
1.130843907594680786e-01
1.349385678768157959e-01
2.868345975875854492e-01
3.934375569224357605e-02
7.655587047338485718e-02
1.804423183202743530e-01
1.388580203056335449e-01
6.581943482160568237e-02
3.574828431010246277e-02
7.053893059492111206e-02
8.585005998611450195e-02
3.294299170374870300e-02
5.324593558907508850e-02
5.620725452899932861e-02
5.859727039933204651e-02
5.783230811357498169e-02
1.558721661567687988e-01
1.527560055255889893e-01
1.989008337259292603e-01
1.828282177448272705e-01
8.596727252006530762e-02
1.218683570623397827e-01
1.476331055164337158e-01
1.218444779515266418e-01
6.237428635358810425e-02
1.437908969819545746e-02
5.252102762460708618e-02
5.844200029969215393e-02
6.016080826520919800e-02
8.072585612535476685e-02
8.414269983768463135e-02
8.528444170951843262e-02
9.636079519987106323e-02
1.840978115797042847e-01
1.833411306142807007e-01
2.095147818326950073e-01
2.093036770820617676e-01
8.902068436145782471e-02
1.335137337446212769e-01
1.286115050315856934e-01
9.490832686424255371e-02
2.761657349765300751e-02
3.487557917833328247e-02
3.520110994577407837e-02
5.020793899893760681e-02
7.286325097084045410e-02
9.005287289619445801e-02
8.359800279140472412e-02
1.455234140157699585e-01
1.120524406433105469e-01
1.917659938335418701e-01
1.972826868295669556e-01
2.315484881401062012e-01
2.058953344821929932e-01
7.241531461477279663e-02
1.104094311594963074e-01
1.473621726036071777e-01
1.195321306586265564e-01
6.670260429382324219e-02
2.681823633611202240e-02
6.847795099020004272e-02
8.107745647430419922e-02
3.659315779805183411e-02
4.849907010793685913e-02
5.969197675585746765e-02
5.081218853592872620e-02
6.302848458290100098e-02
1.618692874908447266e-01
1.455620378255844116e-01
1.677891016006469727e-01
1.730973422527313232e-01
6.730858981609344482e-02
9.128946810960769653e-02
1.635439395904541016e-01
1.318539381027221680e-01
6.017373874783515930e-02
4.449091479182243347e-02
6.477011740207672119e-02
1.022326424717903137e-01
3.943564370274543762e-02
7.288164645433425903e-02
8.257015049457550049e-02
6.415302306413650513e-02
5.587795004248619080e-02
2.302349209785461426e-01
1.611032038927078247e-01
1.941432654857635498e-01
2.630945146083831787e-01
1.159138828516006470e-01
1.245721280574798584e-01
1.476664245128631592e-01
1.130189895629882812e-01
5.675233155488967896e-02
1.831278577446937561e-02
6.370321661233901978e-02
7.886849343776702881e-02
5.357186868786811829e-02
7.764485478401184082e-02
1.014134064316749573e-01
8.139791339635848999e-02
7.154253125190734863e-02
2.163363397121429443e-01
1.740412861108779907e-01
2.013461887836456299e-01
2.081193029880523682e-01
8.269060403108596802e-02
1.246274709701538086e-01
1.447398960590362549e-01
1.045853495597839355e-01
3.364062309265136719e-02
1.267047692090272903e-02
4.330683499574661255e-02
5.855994671583175659e-02
6.104398891329765320e-02
8.395350724458694458e-02
8.445248752832412720e-02
9.443105012178421021e-02
8.970475196838378906e-02
1.994102597236633301e-01
1.733823865652084351e-01
2.082561254501342773e-01
2.381728738546371460e-01
8.636744320392608643e-02
1.263485848903656006e-01
1.300789266824722290e-01
1.002864390611648560e-01
3.618399053812026978e-02
6.542096380144357681e-03
3.761063888669013977e-02
5.682750046253204346e-02
7.245031744241714478e-02
8.732310682535171509e-02
8.298656344413757324e-02
9.316850453615188599e-02
9.227334707975387573e-02
1.843985319137573242e-01
1.881797909736633301e-01
2.123000025749206543e-01
2.161981463432312012e-01
8.985021710395812988e-02
1.297101378440856934e-01
1.312071382999420166e-01
9.902621805667877197e-02
3.035032562911510468e-02
7.214846089482307434e-03
4.360273480415344238e-02
5.504441261291503906e-02
6.630335748195648193e-02
8.393225073814392090e-02
7.998366653919219971e-02
9.200597554445266724e-02
7.918497920036315918e-02
1.724819839000701904e-01
1.731193214654922485e-01
1.956400722265243530e-01
2.031320929527282715e-01
7.564883679151535034e-02
1.093247532844543457e-01
1.488969773054122925e-01
1.243731379508972168e-01
5.307681858539581299e-02
2.942770533263683319e-02
6.532165408134460449e-02
8.259268850088119507e-02
3.718084841966629028e-02
5.065234005451202393e-02
4.944095015525817871e-02
5.243663489818572998e-02
5.285322666168212891e-02
1.457626372575759888e-01
1.897155791521072388e-01
1.704104989767074585e-01
2.573741078376770020e-01
5.664524063467979431e-02
9.327400475740432739e-02
1.641755551099777222e-01
1.289427280426025391e-01
6.055051460862159729e-02
3.303052484989166260e-02
6.429657340049743652e-02
8.280649781227111816e-02
3.797218576073646545e-02
5.839354544878005981e-02
6.037684530019760132e-02
6.380094587802886963e-02
6.359407305717468262e-02
1.670232713222503662e-01
1.545983701944351196e-01
1.787145882844924927e-01
1.936887949705123901e-01
6.748362630605697632e-02
1.116815134882926941e-01
1.486893296241760254e-01
1.305830180644989014e-01
4.455361142754554749e-02
1.658939756453037262e-02
5.516814067959785461e-02
6.518523395061492920e-02
5.668470263481140137e-02
7.388769090175628662e-02
7.745276391506195068e-02
8.531175553798675537e-02
8.022939413785934448e-02
1.815310418605804443e-01
1.765490472316741943e-01
2.039519995450973511e-01
2.065392136573791504e-01
8.420046418905258179e-02
1.288985311985015869e-01
1.283709257841110229e-01
9.929579496383666992e-02
3.342671692371368408e-02
7.439810782670974731e-03
3.804454207420349121e-02
5.476976558566093445e-02
6.658771634101867676e-02
8.947292715311050415e-02
7.941423356533050537e-02
8.829560130834579468e-02
8.393318951129913330e-02
1.758179366588592529e-01
1.684892326593399048e-01
2.094007730484008789e-01
2.078798413276672363e-01
7.329738140106201172e-02
1.133449450135231018e-01
