7.854398345947265625e+01
8.304347229003906250e+01
9.461209106445312500e+01
9.787871551513671875e+01
8.990838623046875000e+01
8.502819824218750000e+01
1.050579757690429688e+02
1.053660736083984375e+02
1.021962738037109375e+02
1.003889923095703125e+02
9.662102508544921875e+01
1.101563720703125000e+02
1.057163696289062500e+02
1.076428985595703125e+02
1.044619140625000000e+02
8.499591827392578125e+01
8.934895324707031250e+01
5.247624969482421875e+01
5.514042663574218750e+01
6.284352874755859375e+01
6.520114135742187500e+01
5.926622009277343750e+01
5.620316314697265625e+01
6.966145324707031250e+01
6.990716552734375000e+01
6.787200164794921875e+01
6.707527923583984375e+01
6.465183258056640625e+01
7.406954956054687500e+01
7.124651336669921875e+01
7.213027954101562500e+01
7.059927368164062500e+01
5.681540679931640625e+01
5.984257507324218750e+01
3.457791900634765625e+01
3.623789215087890625e+01
4.137583923339843750e+01
4.277325439453125000e+01
3.884928131103515625e+01
3.655010604858398438e+01
4.574876403808593750e+01
4.583242797851562500e+01
4.430109405517578125e+01
4.373818969726562500e+01
4.198451995849609375e+01
4.843317413330078125e+01
4.614804077148437500e+01
4.705020141601562500e+01
4.581761169433593750e+01
3.667755889892578125e+01
3.846767044067382812e+01
2.188582038879394531e+01
2.293818664550781250e+01
2.612811279296875000e+01
2.707701110839843750e+01
2.448572158813476562e+01
2.293479728698730469e+01
2.894431686401367188e+01
2.884804916381835938e+01
2.799792480468750000e+01
2.752448463439941406e+01
2.637914466857910156e+01
3.029309082031250000e+01
2.903642463684082031e+01
2.939618110656738281e+01
2.858722877502441406e+01
2.270597839355468750e+01
2.382878494262695312e+01
1.313370132446289062e+01
1.374346733093261719e+01
1.582619857788085938e+01
1.633187103271484375e+01
1.466626262664794922e+01
1.367407321929931641e+01
1.742362976074218750e+01
1.735966491699218750e+01
1.676638412475585938e+01
1.647690773010253906e+01
1.570504188537597656e+01
1.815255355834960938e+01
1.731972694396972656e+01
1.757079696655273438e+01
1.698814010620117188e+01
1.332042121887207031e+01
1.402924060821533203e+01
7.433393955230712891e+00
7.786995887756347656e+00
9.026348114013671875e+00
9.367853164672851562e+00
8.319999694824218750e+00
7.714074611663818359e+00
9.901494026184082031e+00
9.925842285156250000e+00
9.529852867126464844e+00
9.359967231750488281e+00
8.877405166625976562e+00
1.037066268920898438e+01
9.869750976562500000e+00
9.999334335327148438e+00
9.634181022644042969e+00
7.389794826507568359e+00
7.814665794372558594e+00
3.941767930984497070e+00
4.124168395996093750e+00
4.831511497497558594e+00
5.042294979095458984e+00
4.422915458679199219e+00
4.072848320007324219e+00
5.357789993286132812e+00
5.365174293518066406e+00
5.130420684814453125e+00
5.024219512939453125e+00
4.737102508544921875e+00
5.589885711669921875e+00
5.323255538940429688e+00
5.407539844512939453e+00
5.166081428527832031e+00
4.000726699829101562e+00
4.131029129028320312e+00
1.899680852890014648e+00
2.037137031555175781e+00
2.427813053131103516e+00
2.546728134155273438e+00
2.198064327239990234e+00
1.999281167984008789e+00
2.741124629974365234e+00
2.721926450729370117e+00
2.594658374786376953e+00
2.540852069854736328e+00
2.402095794677734375e+00
2.886251926422119141e+00
2.702740192413330078e+00
2.780268430709838867e+00
2.667597293853759766e+00
1.933221936225891113e+00
2.056411504745483398e+00
8.368149995803833008e-01
9.002342820167541504e-01
1.126181602478027344e+00
1.186263322830200195e+00
1.003848314285278320e+00
8.877978920936584473e-01
1.294958472251892090e+00
1.312958240509033203e+00
1.243316650390625000e+00
1.206152677536010742e+00
1.135755538940429688e+00
1.412418842315673828e+00
1.316474437713623047e+00
1.344339609146118164e+00
1.300645589828491211e+00
8.886737227439880371e-01
9.756473898887634277e-01
3.247773051261901855e-01
3.569360971450805664e-01
4.775878190994262695e-01
5.119524002075195312e-01
4.146358668804168701e-01
3.633446097373962402e-01
5.850366353988647461e-01
5.893848538398742676e-01
5.576460361480712891e-01
5.469359159469604492e-01
5.005312561988830566e-01
6.732461452484130859e-01
6.175034046173095703e-01
6.419356465339660645e-01
6.131606698036193848e-01
3.970120549201965332e-01
4.410941004753112793e-01
1.116760373115539551e-01
1.112609356641769409e-01
1.413194537162780762e-01
1.284644007682800293e-01
7.056853175163269043e-02
4.098319634795188904e-02
8.138073980808258057e-02
5.749053135514259338e-02
3.156859055161476135e-02
1.598468050360679626e-02
4.296455532312393188e-03
6.361385807394981384e-03
2.615271601825952530e-03
4.798138514161109924e-03
1.771688088774681091e-02
7.087899744510650635e-02
9.017838537693023682e-02
2.465703040361404419e-01
2.737561166286468506e-01
2.778374254703521729e-01
2.942708432674407959e-01
3.315938115119934082e-01
3.603365421295166016e-01
3.056082427501678467e-01
2.872526049613952637e-01
2.726731300354003906e-01
2.447345852851867676e-01
2.121017426252365112e-01
1.446678638458251953e-01
1.093565970659255981e-01
6.847355514764785767e-02
4.228079319000244141e-02
4.245768114924430847e-02
1.366524212062358856e-02
6.056179851293563843e-02
3.018114902079105377e-02
3.755859099328517914e-03
3.814144292846322060e-03
3.894362132996320724e-03
7.366888225078582764e-03
5.697481334209442139e-02
8.356166630983352661e-02
9.904189407825469971e-02
1.223626732826232910e-01
1.345688402652740479e-01
2.275705933570861816e-01
2.396710216999053955e-01
2.801550924777984619e-01
2.762819528579711914e-01
1.586884558200836182e-01
1.866900473833084106e-01
1.957849785685539246e-02
2.674494497478008270e-02
5.166964977979660034e-02
6.056209653615951538e-02
3.713095933198928833e-02
2.644634619355201721e-02
7.647151499986648560e-02
7.350206375122070312e-02
6.209818273782730103e-02
5.489497631788253784e-02
4.248788952827453613e-02
7.020576298236846924e-02
5.173240602016448975e-02
4.909095168113708496e-02
3.505302965641021729e-02
3.482033731415867805e-03
3.286124672740697861e-03
4.960472136735916138e-02
5.091651901602745056e-02
3.921384736895561218e-02
3.963093459606170654e-02
6.112786382436752319e-02
7.771417498588562012e-02
4.258558154106140137e-02
4.447498172521591187e-02
4.977885633707046509e-02
4.884179681539535522e-02
5.063873156905174255e-02
2.423426136374473572e-02
2.296070754528045654e-02
1.385524868965148926e-02
9.864013642072677612e-03
2.219624258577823639e-02
8.934536948800086975e-03
6.467392295598983765e-02
4.296584427356719971e-02
1.576133817434310913e-02
5.644180811941623688e-03
7.854912430047988892e-03
6.512760184705257416e-03
6.972336675971746445e-03
1.324319466948509216e-02
1.773120090365409851e-02
2.332778275012969971e-02
2.716156467795372009e-02
6.823952496051788330e-02
7.194355130195617676e-02
9.235275536775588989e-02
9.923571348190307617e-02
4.826935008168220520e-02
6.957274675369262695e-02
7.713512168265879154e-04
2.421352081000804901e-03
1.366948895156383514e-02
2.132959291338920593e-02
1.139349676668643951e-02
7.685109041631221771e-03
4.286332428455352783e-02
4.581204801797866821e-02
4.279670119285583496e-02
3.870964050292968750e-02
3.280425816774368286e-02
6.373707950115203857e-02
5.112509429454803467e-02
5.270271748304367065e-02
4.368454962968826294e-02
8.074436336755752563e-03
9.457645006477832794e-03
3.349095582962036133e-02
3.235993906855583191e-02
1.905353926122188568e-02
1.835929788649082184e-02
3.199102729558944702e-02
4.172715544700622559e-02
1.455059647560119629e-02
1.483663450926542282e-02
1.613599061965942383e-02
1.551249809563159943e-02
1.691190153360366821e-02
4.147196654230356216e-03
3.185156267136335373e-03
8.044176502153277397e-04
1.855251379311084747e-03
4.892186261713504791e-03
1.340152346529066563e-03
4.108624532818794250e-02
2.443199232220649719e-02
6.104301661252975464e-03
1.190091948956251144e-03
3.380839247256517410e-03
2.750130603089928627e-03
1.266560144722461700e-02
1.904923468828201294e-02
2.241979539394378662e-02
2.834913320839405060e-02
2.937665209174156189e-02
7.031457126140594482e-02
1.143503561615943909e-01
8.517814427614212036e-02
8.819957077503204346e-02
3.826209157705307007e-02
4.957775399088859558e-02
4.805054981261491776e-03
2.767276484519243240e-03
4.334883764386177063e-03
7.779360748827457428e-03
2.871352247893810272e-03
3.271133638918399811e-03
1.727606728672981262e-02
1.972838118672370911e-02
1.800981350243091583e-02
1.743051223456859589e-02
1.443617977201938629e-02
3.121707960963249207e-02
2.817729301750659943e-02
2.689107134938240051e-02
3.168171644210815430e-02
6.886704824864864349e-03
5.061879754066467285e-03
5.688658356666564941e-02
4.160597920417785645e-02
2.177090570330619812e-02
2.366111613810062408e-02
2.991949394345283508e-02
4.647755995392799377e-02
1.326607633382081985e-02
3.393119946122169495e-02
5.768676474690437317e-02
1.242678984999656677e-02
9.824637323617935181e-03
3.367966413497924805e-02
3.850546106696128845e-02
5.739993602037429810e-02
6.153790280222892761e-02
2.726692706346511841e-03
8.760293573141098022e-02
2.655626647174358368e-02
3.960601985454559326e-02
1.060834378004074097e-01
3.953707218170166016e-02
5.800776556134223938e-02
2.737489528954029083e-03
4.715229570865631104e-02
3.325929865241050720e-02
7.262915372848510742e-02
1.179071739315986633e-01
4.006121307611465454e-02
1.380444467067718506e-01
7.492720335721969604e-02
4.513066411018371582e-01
8.089774847030639648e-02
4.231715574860572815e-02
1.548493206501007080e-01
1.432703342288732529e-02
1.712623238563537598e-02
2.381962910294532776e-02
9.184344112873077393e-02
1.126183196902275085e-02
1.890799216926097870e-02
2.379150502383708954e-02
3.218677639961242676e-01
1.662673056125640869e-01
1.393701601773500443e-02
1.680658459663391113e-01
2.737182080745697021e-01
2.110179141163825989e-02
1.511467806994915009e-02
8.380105718970298767e-03
1.636396795511245728e-01
2.048530615866184235e-02
7.081889361143112183e-02
4.093693569302558899e-02
2.156339958310127258e-02
9.314801543951034546e-02
1.117971390485763550e-01
2.915220148861408234e-02
2.026296686381101608e-03
2.729246392846107483e-02
8.782037347555160522e-02
5.811233073472976685e-03
2.595082819461822510e-01
1.684110425412654877e-02
1.979747228324413300e-02
2.840546891093254089e-02
4.052800685167312622e-02
1.345421932637691498e-02
2.100534178316593170e-02
1.282697636634111404e-02
8.012831211090087891e-03
1.430879347026348114e-03
5.005441606044769287e-03
5.779430270195007324e-03
7.598736556246876717e-04
1.987197436392307281e-02
2.534941583871841431e-02
3.306554257869720459e-02
2.582240477204322815e-02
2.248935773968696594e-02
5.139520391821861267e-02
5.158803984522819519e-02
5.186381191015243530e-02
4.351215064525604248e-02
9.614567272365093231e-03
1.290999259799718857e-02
2.676343545317649841e-02
2.379066124558448792e-02
1.206973753869533539e-02
1.010397076606750488e-02
2.030239067971706390e-02
2.724032476544380188e-02
6.438643671572208405e-03
4.457406233996152878e-03
5.879014730453491211e-03
4.151222296059131622e-03
4.434524103999137878e-03
1.751276431605219841e-03
3.793237032368779182e-03
1.239973958581686020e-02
1.049149408936500549e-02
1.077480381354689598e-03
7.036822382360696793e-03
2.378602698445320129e-02
1.244724355638027191e-02
1.675084349699318409e-03
1.583846053108572960e-03
2.098754048347473145e-03
1.197471981868147850e-03
2.071368135511875153e-02
2.780559659004211426e-02
3.009771369397640228e-02
3.361056745052337646e-02
3.366006538271903992e-02
7.083786278963088989e-02
6.895574182271957397e-02
7.592851668596267700e-02
6.984772533178329468e-02
2.298125810921192169e-02
2.823441289365291595e-02
1.400635298341512680e-02
1.118456199765205383e-02
3.698599990457296371e-03
2.255565952509641647e-03
8.332697674632072449e-03
1.387785747647285461e-02
2.642068546265363693e-03
5.385548574849963188e-04
6.822010618634521961e-04
4.271745681762695312e-03
8.863315451890230179e-04
6.870841607451438904e-03
5.297469440847635269e-03
8.958023972809314728e-03
1.276945136487483978e-02
7.607616018503904343e-03
7.172881159931421280e-03
3.344744443893432617e-02
2.122106216847896576e-02
5.764311179518699646e-03
1.798656769096851349e-03
7.437853142619132996e-03
1.209480315446853638e-02
5.459785461425781250e-03
9.052661247551441193e-03
1.071483828127384186e-02
1.522332243621349335e-02
1.340373791754245758e-02
4.122534021735191345e-02
4.019486904144287109e-02
5.244410783052444458e-02
5.311188101768493652e-02
2.110238932073116302e-02
2.719117701053619385e-02
1.184970699250698090e-02
7.750365883111953735e-03
1.176469377242028713e-03
1.084195915609598160e-03
1.550093526020646095e-03
3.340369090437889099e-03
6.830995902419090271e-03
1.121648121625185013e-02
8.657941594719886780e-03
8.230360224843025208e-03
6.602157838642597198e-03
2.674440853297710419e-02
2.038209326565265656e-02
3.577272221446037292e-02
2.526328526437282562e-02
3.192988224327564240e-03
5.957416258752346039e-03
1.946386098861694336e-01
1.490535289049148560e-01
6.375025212764739990e-02
2.089490368962287903e-02
4.416811093688011169e-02
5.122856795787811279e-02
8.182471990585327148e-02
1.089213937520980835e-01
1.189906746149063110e-01
1.377092152833938599e-01
1.393111944198608398e-01
2.608557343482971191e-01
2.658016383647918701e-01
3.002997934818267822e-01
3.060696125030517578e-01
1.659449934959411621e-01
2.155710756778717041e-01
7.022828608751296997e-02
3.928891941905021667e-02
3.145778551697731018e-02
6.616868078708648682e-02
2.377728372812271118e-02
6.676756776869297028e-03
1.292068660259246826e-01
1.410236060619354248e-01
1.480975449085235596e-01
1.317057758569717407e-01
1.162820085883140564e-01
1.994715631008148193e-01
1.755569875240325928e-01
1.909782290458679199e-01
1.742475777864456177e-01
5.041383579373359680e-02
7.590140402317047119e-02
1.847139894962310791e-01
1.628321260213851929e-01
9.943465888500213623e-02
7.750027626752853394e-02
1.213938295841217041e-01
1.476753652095794678e-01
3.306819126009941101e-02
2.816387638449668884e-02
3.291916847229003906e-02
2.797100692987442017e-02
2.779650315642356873e-02
5.645816400647163391e-02
5.708504840731620789e-02
8.836536109447479248e-02
9.212734550237655640e-02
2.160060219466686249e-02
5.381225422024726868e-02
1.866803467273712158e-01
1.419288814067840576e-01
5.881965532898902893e-02
2.624694630503654480e-02
1.078658849000930786e-01
6.105174496769905090e-02
6.479860842227935791e-02
8.339854329824447632e-02
9.726330637931823730e-02
1.035479977726936340e-01
1.116171553730964661e-01
2.158060073852539062e-01
2.149721533060073853e-01
2.470274269580841064e-01
2.488898336887359619e-01
1.725434958934783936e-01
1.793695688247680664e-01
9.310370683670043945e-02
6.237104162573814392e-02
1.512197032570838928e-02
4.343301430344581604e-02
1.902456954121589661e-02
1.162506360560655594e-02
1.169259548187255859e-01
1.365259885787963867e-01
1.348009407520294189e-01
1.271751970052719116e-01
1.207691878080368042e-01
2.228094339370727539e-01
2.085109353065490723e-01
2.245714813470840454e-01
2.137622982263565063e-01
8.443062752485275269e-02
1.199781596660614014e-01
1.483155488967895508e-01
1.202921047806739807e-01
5.606411397457122803e-02
3.501449897885322571e-02
7.341103255748748779e-02
9.315765649080276489e-02
1.980596780776977539e-02
5.104237049818038940e-02
3.790958970785140991e-02
4.104620963335037231e-02
2.288233302533626556e-02
1.267535239458084106e-01
9.543634951114654541e-02
1.258529424667358398e-01
1.331640034914016724e-01
2.143016457557678223e-02
5.734318867325782776e-02
1.985472589731216431e-01
1.605565249919891357e-01
8.893820643424987793e-02
6.239298731088638306e-02
1.014060005545616150e-01
1.217512413859367371e-01
1.063540764153003693e-02
2.063032612204551697e-02
1.796120405197143555e-02
2.801864594221115112e-02
2.015495114028453827e-02
1.130548268556594849e-01
1.130843907594680786e-01
1.349385678768157959e-01
2.868345975875854492e-01
3.934375569224357605e-02
7.655587047338485718e-02
1.804423183202743530e-01
1.388580203056335449e-01
6.581943482160568237e-02
3.574828431010246277e-02
7.053893059492111206e-02
8.585005998611450195e-02
3.294299170374870300e-02
5.324593558907508850e-02
5.620725452899932861e-02
5.859727039933204651e-02
5.783230811357498169e-02
1.558721661567687988e-01
1.527560055255889893e-01
1.989008337259292603e-01
1.828282177448272705e-01
8.596727252006530762e-02
1.218683570623397827e-01
1.476331055164337158e-01
1.218444779515266418e-01
6.237428635358810425e-02
1.437908969819545746e-02
5.252102762460708618e-02
5.844200029969215393e-02
6.016080826520919800e-02
8.072585612535476685e-02
8.414269983768463135e-02
8.528444170951843262e-02
9.636079519987106323e-02
1.840978115797042847e-01
1.833411306142807007e-01
2.095147818326950073e-01
2.093036770820617676e-01
8.902068436145782471e-02
1.335137337446212769e-01
1.286115050315856934e-01
9.490832686424255371e-02
2.761657349765300751e-02
3.487557917833328247e-02
3.520110994577407837e-02
5.020793899893760681e-02
7.286325097084045410e-02
9.005287289619445801e-02
8.359800279140472412e-02
1.455234140157699585e-01
1.120524406433105469e-01
1.917659938335418701e-01
1.972826868295669556e-01
2.315484881401062012e-01
2.058953344821929932e-01
7.241531461477279663e-02
1.104094311594963074e-01
1.473621726036071777e-01
1.195321306586265564e-01
6.670260429382324219e-02
2.681823633611202240e-02
6.847795099020004272e-02
8.107745647430419922e-02
3.659315779805183411e-02
4.849907010793685913e-02
5.969197675585746765e-02
5.081218853592872620e-02
6.302848458290100098e-02
1.618692874908447266e-01
1.455620378255844116e-01
1.677891016006469727e-01
1.730973422527313232e-01
6.730858981609344482e-02
9.128946810960769653e-02
1.635439395904541016e-01
1.318539381027221680e-01
6.017373874783515930e-02
4.449091479182243347e-02
6.477011740207672119e-02
1.022326424717903137e-01
3.943564370274543762e-02
7.288164645433425903e-02
8.257015049457550049e-02
6.415302306413650513e-02
5.587795004248619080e-02
2.302349209785461426e-01
1.611032038927078247e-01
1.941432654857635498e-01
2.630945146083831787e-01
1.159138828516006470e-01
1.245721280574798584e-01
1.476664245128631592e-01
1.130189895629882812e-01
5.675233155488967896e-02
1.831278577446937561e-02
6.370321661233901978e-02
7.886849343776702881e-02
5.357186868786811829e-02
7.764485478401184082e-02
1.014134064316749573e-01
8.139791339635848999e-02
7.154253125190734863e-02
2.163363397121429443e-01
1.740412861108779907e-01
2.013461887836456299e-01
2.081193029880523682e-01
8.269060403108596802e-02
1.246274709701538086e-01
1.447398960590362549e-01
1.045853495597839355e-01
3.364062309265136719e-02
1.267047692090272903e-02
4.330683499574661255e-02
5.855994671583175659e-02
6.104398891329765320e-02
8.395350724458694458e-02
8.445248752832412720e-02
9.443105012178421021e-02
8.970475196838378906e-02
1.994102597236633301e-01
1.733823865652084351e-01
2.082561254501342773e-01
2.381728738546371460e-01
8.636744320392608643e-02
1.263485848903656006e-01
1.300789266824722290e-01
1.002864390611648560e-01
3.618399053812026978e-02
6.542096380144357681e-03
3.761063888669013977e-02
5.682750046253204346e-02
7.245031744241714478e-02
8.732310682535171509e-02
8.298656344413757324e-02
9.316850453615188599e-02
9.227334707975387573e-02
1.843985319137573242e-01
1.881797909736633301e-01
2.123000025749206543e-01
2.161981463432312012e-01
8.985021710395812988e-02
1.297101378440856934e-01
1.312071382999420166e-01
9.902621805667877197e-02
3.035032562911510468e-02
7.214846089482307434e-03
4.360273480415344238e-02
5.504441261291503906e-02
6.630335748195648193e-02
8.393225073814392090e-02
7.998366653919219971e-02
9.200597554445266724e-02
7.918497920036315918e-02
1.724819839000701904e-01
1.731193214654922485e-01
1.956400722265243530e-01
2.031320929527282715e-01
7.564883679151535034e-02
1.093247532844543457e-01
1.488969773054122925e-01
1.243731379508972168e-01
5.307681858539581299e-02
2.942770533263683319e-02
6.532165408134460449e-02
8.259268850088119507e-02
3.718084841966629028e-02
5.065234005451202393e-02
4.944095015525817871e-02
5.243663489818572998e-02
5.285322666168212891e-02
1.457626372575759888e-01
1.897155791521072388e-01
1.704104989767074585e-01
2.573741078376770020e-01
5.664524063467979431e-02
9.327400475740432739e-02
1.641755551099777222e-01
1.289427280426025391e-01
6.055051460862159729e-02
3.303052484989166260e-02
6.429657340049743652e-02
8.280649781227111816e-02
3.797218576073646545e-02
5.839354544878005981e-02
6.037684530019760132e-02
6.380094587802886963e-02
6.359407305717468262e-02
1.670232713222503662e-01
1.545983701944351196e-01
1.787145882844924927e-01
1.936887949705123901e-01
6.748362630605697632e-02
1.116815134882926941e-01
1.486893296241760254e-01
1.305830180644989014e-01
4.455361142754554749e-02
1.658939756453037262e-02
5.516814067959785461e-02
6.518523395061492920e-02
5.668470263481140137e-02
7.388769090175628662e-02
7.745276391506195068e-02
8.531175553798675537e-02
8.022939413785934448e-02
1.815310418605804443e-01
1.765490472316741943e-01
2.039519995450973511e-01
2.065392136573791504e-01
8.420046418905258179e-02
1.288985311985015869e-01
1.283709257841110229e-01
9.929579496383666992e-02
3.342671692371368408e-02
7.439810782670974731e-03
3.804454207420349121e-02
5.476976558566093445e-02
6.658771634101867676e-02
8.947292715311050415e-02
7.941423356533050537e-02
8.829560130834579468e-02
8.393318951129913330e-02
1.758179366588592529e-01
1.684892326593399048e-01
2.094007730484008789e-01
2.078798413276672363e-01
7.329738140106201172e-02
1.133449450135231018e-01
1.532917767763137817e-01
1.071504428982734680e-01
2.266098931431770325e-02
4.028873890638351440e-02
9.007432498037815094e-03
1.231583952903747559e-02
1.320609152317047119e-01
1.621271073818206787e-01
1.870200335979461670e-01
1.876574009656906128e-01
2.157600224018096924e-01
3.180556893348693848e-01
3.020913302898406982e-01
3.300346136093139648e-01
3.324957489967346191e-01
1.761958301067352295e-01
2.125086784362792969e-01
8.064773678779602051e-02
6.176344677805900574e-02
2.886836975812911987e-02
4.642768576741218567e-02
9.863211773335933685e-03
2.112097106873989105e-02
1.038963273167610168e-01
1.080290824174880981e-01
1.112893670797348022e-01
1.022236868739128113e-01
8.500196784734725952e-02
1.730629950761795044e-01
1.513594090938568115e-01
1.695019006729125977e-01
1.565357446670532227e-01
4.818437248468399048e-02
6.032383814454078674e-02
1.991257518529891968e-01
1.746736466884613037e-01
1.087738722562789917e-01
8.959620445966720581e-02
1.334610432386398315e-01
1.551316827535629272e-01
4.078844934701919556e-02
3.264589980244636536e-02
4.408151283860206604e-02
2.608173154294490814e-02
3.028263337910175323e-02
6.538158655166625977e-02
5.966520309448242188e-02
9.180559217929840088e-02
1.119205057621002197e-01
2.008101157844066620e-02
7.336880266666412354e-02
1.826378256082534790e-01
1.386275440454483032e-01
5.435032024979591370e-02
2.876856736838817596e-02
4.389042407274246216e-02
5.265031382441520691e-02
7.708805054426193237e-02
1.003357842564582825e-01
1.215030476450920105e-01
1.286805272102355957e-01
1.170368343591690063e-01
2.337196320295333862e-01
2.373110204935073853e-01
2.685997188091278076e-01
2.742983698844909668e-01
1.400618255138397217e-01
2.223519384860992432e-01
8.342407643795013428e-02
4.940691217780113220e-02
3.254678845405578613e-02
5.624125525355339050e-02
3.430983051657676697e-02
6.984442006796598434e-03
1.327682882547378540e-01
1.492150574922561646e-01
1.365527361631393433e-01
1.380674242973327637e-01
1.328166723251342773e-01
2.341799437999725342e-01
2.136849015951156616e-01
2.247962206602096558e-01
2.205919772386550903e-01
7.746283710002899170e-02
1.068132892251014709e-01
1.619733124971389771e-01
1.361095458269119263e-01
6.941424310207366943e-02
5.055477470159530640e-02
9.469316154718399048e-02
1.176334694027900696e-01
7.154024206101894379e-03
2.269293554127216339e-02
1.526092272251844406e-02
1.226164866238832474e-02
1.484636869281530380e-02
1.047229841351509094e-01
8.496889472007751465e-02
1.055871993303298950e-01
1.095348969101905823e-01
2.789812162518501282e-02
5.562676116824150085e-02
1.932113170623779297e-01
1.496895551681518555e-01
7.433070987462997437e-02
4.368343204259872437e-02
7.447911798954010010e-02
8.947774767875671387e-02
3.112736530601978302e-02
5.321070551872253418e-02
5.761768668889999390e-02
6.364766508340835571e-02
6.155759096145629883e-02
1.640123873949050903e-01
1.627544611692428589e-01
1.881857216358184814e-01
2.199215590953826904e-01
1.078055724501609802e-01
1.263690441846847534e-01
1.369895488023757935e-01
1.036982238292694092e-01
3.613647818565368652e-02
5.045741796493530273e-03
3.679845854640007019e-02
5.119134113192558289e-02
7.551208138465881348e-02
1.084964126348495483e-01
9.874508529901504517e-02
9.286984801292419434e-02
8.582057803869247437e-02
1.923367083072662354e-01
1.727472692728042603e-01
2.347753942012786865e-01
2.076407372951507568e-01
9.819905459880828857e-02
1.367532759904861450e-01
1.437182128429412842e-01
1.089803203940391541e-01
4.597118124365806580e-02
1.950105652213096619e-02
5.888147652149200439e-02
7.379936426877975464e-02
5.073400214314460754e-02
7.279463857412338257e-02
7.675971090793609619e-02
7.898053526878356934e-02
7.453691214323043823e-02
1.685288846492767334e-01
1.545270532369613647e-01
1.906444579362869263e-01
2.554195523262023926e-01
8.762909471988677979e-02
1.085066646337509155e-01
1.509492099285125732e-01
1.182690858840942383e-01
4.915854334831237793e-02
2.768531069159507751e-02
5.558266863226890564e-02
7.860782742500305176e-02
5.205275118350982666e-02
7.266682386398315430e-02
8.742326498031616211e-02
7.930895686149597168e-02
6.522337347269058228e-02
1.598515212535858154e-01
1.601546257734298706e-01
1.892503201961517334e-01
2.522981166839599609e-01
8.440293371677398682e-02
1.449367702007293701e-01
1.585406661033630371e-01
1.112938672304153442e-01
3.734064474701881409e-02
1.990434341132640839e-02
5.595590546727180481e-02
7.120303064584732056e-02
5.923567712306976318e-02
8.159159123897552490e-02
1.012313440442085266e-01
8.771449327468872070e-02
7.758009433746337891e-02
1.830067783594131470e-01
2.064921855926513672e-01
2.324309945106506348e-01
2.268968522548675537e-01
1.611777245998382568e-01
1.529652923345565796e-01
1.343193352222442627e-01
1.194037869572639465e-01
3.851624205708503723e-02
2.726059406995773315e-02
4.843441024422645569e-02
5.975089967250823975e-02
6.446217000484466553e-02
9.360648691654205322e-02
1.168118119239807129e-01
9.838883578777313232e-02
8.247075974941253662e-02
1.824931055307388306e-01
1.857545971870422363e-01
2.074082940816879272e-01
1.976159214973449707e-01
1.200384646654129028e-01
1.015029028058052063e-01
1.735951900482177734e-01
1.398913860321044922e-01
5.825796723365783691e-02
4.503575339913368225e-02
7.529714703559875488e-02
9.245651960372924805e-02
3.068051673471927643e-02
9.284319728612899780e-02
5.759163945913314819e-02
5.588559806346893311e-02
6.677390635013580322e-02
1.586085557937622070e-01
1.446705460548400879e-01
1.808516830205917358e-01
1.618005484342575073e-01
5.231400579214096069e-02
1.066630631685256958e-01
1.693405658006668091e-01
1.363004148006439209e-01
7.276350259780883789e-02
6.490362435579299927e-02
6.838745623826980591e-02
9.457980096340179443e-02
6.014007329940795898e-02
5.639038980007171631e-02
5.828871950507164001e-02
1.007563769817352295e-01
9.941894561052322388e-02
2.457369267940521240e-01
1.499389559030532837e-01
1.949644386768341064e-01
1.976434886455535889e-01
6.607944518327713013e-02
1.751700341701507568e-01
1.626874804496765137e-01
1.310924291610717773e-01
4.569157958030700684e-02
3.298584744334220886e-02
6.549481302499771118e-02
9.070646762847900391e-02
7.301469147205352783e-02
1.260241866111755371e-01
1.400842815637588501e-01
1.024170964956283569e-01
9.156294167041778564e-02
2.094613611698150635e-01
1.907920390367507935e-01
2.117484360933303833e-01
2.729045748710632324e-01
1.162401214241981506e-01
1.329391300678253174e-01
1.485679894685745239e-01
1.137437745928764343e-01
7.264079153537750244e-02
2.888821065425872803e-02
9.153473377227783203e-02
7.995332777500152588e-02
1.174522191286087036e-01
8.239383995532989502e-02
1.055684611201286316e-01
1.878569722175598145e-01
8.459112048149108887e-02
3.688136339187622070e-01
1.693744212388992310e-01
2.125449627637863159e-01
2.378375828266143799e-01
8.936092257499694824e-02
1.445014029741287231e-01
1.740043908357620239e-01
1.325398832559585571e-01
1.017372682690620422e-01
6.368924677371978760e-02
8.559098094701766968e-02
9.405200928449630737e-02
3.235534206032752991e-02
9.454511106014251709e-02
1.401551663875579834e-01
8.349695801734924316e-02
5.943595990538597107e-02
1.646044403314590454e-01
1.271134465932846069e-01
1.601196527481079102e-01
1.924615353345870972e-01
1.101510375738143921e-01
5.936855077743530273e-01
1.852977573871612549e-01
1.779744476079940796e-01
7.155267894268035889e-02
5.145555362105369568e-02
7.904070615768432617e-02
1.307361423969268799e-01
1.471012979745864868e-01
9.325470775365829468e-02
8.392082154750823975e-02
1.123259067535400391e-01
1.199404150247573853e-01
2.605926990509033203e-01
1.761133223772048950e-01
2.260879725217819214e-01
2.034914493560791016e-01
1.502133011817932129e-01
1.438868492841720581e-01
1.491743922233581543e-01
1.112051829695701599e-01
6.036521866917610168e-02
2.680623531341552734e-02
6.930179893970489502e-02
8.715835958719253540e-02
8.829595893621444702e-02
8.047533035278320312e-02
1.103563159704208374e-01
1.510948091745376587e-01
1.151783615350723267e-01
2.363072037696838379e-01
2.005167305469512939e-01
2.332322746515274048e-01
3.282194435596466064e-01
6.061465144157409668e-01
1.236812472343444824e-01
1.344978809356689453e-01
1.140292659401893616e-01
5.523925274610519409e-02
3.428050503134727478e-02
6.236804276704788208e-02
1.178565979003906250e+00
6.728925555944442749e-02
8.872429281473159790e-02
9.516086429357528687e-02
1.282891333103179932e-01
1.138788908720016479e-01
2.029386609792709351e-01
1.897304654121398926e-01
2.153768092393875122e-01
2.166736572980880737e-01
9.124179184436798096e-02
1.175811812281608582e-01
1.882023662328720093e-01
1.438722908496856689e-01
5.347897484898567200e-02
2.170450612902641296e-02
5.783208087086677551e-02
9.067630767822265625e-02
7.330913841724395752e-02
8.582952618598937988e-02
1.584219634532928467e-01
1.007153242826461792e-01
8.775016665458679199e-02
2.047894448041915894e-01
1.943353414535522461e-01
2.631645798683166504e-01
2.145814895629882812e-01
9.058761596679687500e-02
1.337052881717681885e-01
1.925332993268966675e-01
1.136889234185218811e-01
6.601434201002120972e-02
4.268770292401313782e-02
1.210393160581588745e-01
1.047791838645935059e-01
6.342704594135284424e-02
1.083284169435501099e-01
1.039083302021026611e-01
9.768357872962951660e-02
7.401482760906219482e-02
1.870013326406478882e-01
1.761694252490997314e-01
2.048948407173156738e-01
2.388079613447189331e-01
8.406133949756622314e-02
1.475623250007629395e-01
1.418038755655288696e-01
1.132017374038696289e-01
5.677354708313941956e-02
1.754372194409370422e-02
7.180837541818618774e-02
8.918616175651550293e-02
1.488884687423706055e-01
1.175026744604110718e-01
9.152612835168838501e-02
9.371836483478546143e-02
8.256294578313827515e-02
2.398771941661834717e-01
1.867253184318542480e-01
2.182566374540328979e-01
2.089516520500183105e-01
1.045740470290184021e-01
1.338143646717071533e-01
1.351492553949356079e-01
1.106288433074951172e-01
2.936314418911933899e-02
1.826578937470912933e-02
3.916605934500694275e-02
5.819012969732284546e-02
6.264502555131912231e-02
1.251969933509826660e-01
1.022780835628509521e-01
8.227416872978210449e-02
8.753786236047744751e-02
2.276160717010498047e-01
3.092213571071624756e-01
1.918555796146392822e-01
2.259035706520080566e-01
9.289124608039855957e-02
1.891947686672210693e-01
1.489298194646835327e-01
1.265941411256790161e-01
5.828066170215606689e-02
3.667415305972099304e-02
6.650653481483459473e-02
1.051958203315734863e-01
8.171409368515014648e-01
5.998684838414192200e-02
5.503974854946136475e-02
8.031782507896423340e-02
5.110218003392219543e-02
1.595799773931503296e-01
1.480485498905181885e-01
1.671047359704971313e-01
1.762835383415222168e-01
9.562920778989791870e-02
1.166488006711006165e-01
2.059785276651382446e-01
1.370674073696136475e-01
1.700512021780014038e-01
4.346220940351486206e-02
6.664843112230300903e-02
1.155834868550300598e-01
7.168951630592346191e-02
6.860892474651336670e-02
9.717476367950439453e-02
7.143836468458175659e-02
6.686732172966003418e-02
2.080396860837936401e-01
1.803534775972366333e-01
1.951891332864761353e-01
2.164250612258911133e-01
8.095201849937438965e-02
1.212062165141105652e-01
1.442539691925048828e-01
1.102315410971641541e-01
1.550265997648239136e-01
2.919600903987884521e-02
5.189566314220428467e-02
6.065048649907112122e-02
1.164036542177200317e-01
8.557450026273727417e-02
9.344282001256942749e-02
8.850958198308944702e-02
9.067648649215698242e-02
1.881287992000579834e-01
2.763438820838928223e-01
2.552753388881683350e-01
3.149946928024291992e-01
1.796591579914093018e-01
1.409067213535308838e-01
1.303475499153137207e-01
1.022333279252052307e-01
3.420925885438919067e-02
1.348222047090530396e-02
7.679293304681777954e-02
5.845267325639724731e-02
6.608421355485916138e-02
8.579450845718383789e-02
8.024327456951141357e-02
9.377152472734451294e-02
8.695069700479507446e-02
1.863683164119720459e-01
1.708683520555496216e-01
2.213177382946014404e-01
3.430870771408081055e-01
6.978929787874221802e-02
1.090942695736885071e-01
1.558247655630111694e-01
1.402334272861480713e-01
7.076163589954376221e-02
4.164925590157508850e-02
9.413251280784606934e-02
1.006040722131729126e-01
4.034518823027610779e-02
4.992564022541046143e-02
5.723025277256965637e-02
7.235452532768249512e-02
4.881717264652252197e-02
1.497421860694885254e-01
1.310498565435409546e-01
1.677597463130950928e-01
1.825254559516906738e-01
5.808109417557716370e-02
9.956084191799163818e-02
1.615571677684783936e-01
1.245480850338935852e-01
4.943086951971054077e-02
2.101041376590728760e-02
5.624011158943176270e-02
8.200601488351821899e-02
5.781090259552001953e-02
8.176159858703613281e-02
1.040689125657081604e-01
9.365379065275192261e-02
1.009300872683525085e-01
1.893857717514038086e-01
1.723582148551940918e-01
2.191514670848846436e-01
2.124802768230438232e-01
1.255533248186111450e-01
1.395221948623657227e-01
1.255703866481781006e-01
1.015626713633537292e-01
2.266150340437889099e-02
2.632917463779449463e-02
7.248685508966445923e-02
4.534305632114410400e-02
7.551497220993041992e-02
1.065238863229751587e-01
1.120952963829040527e-01
1.259926259517669678e-01
9.275528788566589355e-02
1.946422606706619263e-01
1.979641616344451904e-01
2.630396187305450439e-01
2.262544631958007812e-01
8.385249972343444824e-02
1.227639466524124146e-01
1.578334271907806396e-01
1.179123595356941223e-01
4.706321284174919128e-02
3.569306060671806335e-02
6.575502455234527588e-02
8.054999262094497681e-02
5.243945494294166565e-02
9.448228776454925537e-02
7.149379700422286987e-02
5.735689774155616760e-02
4.915541782975196838e-02
1.475137025117874146e-01
1.363519430160522461e-01
5.790079236030578613e-01
1.968497335910797119e-01
7.757146656513214111e-02
1.045722961425781250e-01
1.554194688796997070e-01
1.234866678714752197e-01
6.106339022517204285e-02
3.700093552470207214e-02
5.740498006343841553e-02
7.784144580364227295e-02
5.962971970438957214e-02
7.657990604639053345e-02
6.538530439138412476e-02
7.517657428979873657e-02
8.362317830324172974e-02
1.789523214101791382e-01
1.780761331319808960e-01
2.705623209476470947e-01
2.101333141326904297e-01
9.176310151815414429e-02
1.497575044631958008e-01
1.352185308933258057e-01
1.046765893697738647e-01
3.049721941351890564e-02
1.620569452643394470e-02
5.154507979750633240e-02
5.126992985606193542e-02
7.378288358449935913e-02
1.006189882755279541e-01
8.037715405225753784e-02
8.986399322748184204e-02
8.520353585481643677e-02
1.822654753923416138e-01
1.747203469276428223e-01
2.017470896244049072e-01
2.155868411064147949e-01
8.477341383695602417e-02
1.102315187454223633e-01
1.544528752565383911e-01
1.300758868455886841e-01
5.910768732428550720e-02
2.988613769412040710e-02
7.534668594598770142e-02
8.260230720043182373e-02
3.680445253849029541e-02
8.646027743816375732e-02
6.146468967199325562e-02
9.696700423955917358e-02
5.564443022012710571e-02
1.471066474914550781e-01
1.506353467702865601e-01
1.928370296955108643e-01
1.747815310955047607e-01
6.055608019232749939e-02
1.287799924612045288e-01
1.579303890466690063e-01
1.305270344018936157e-01
5.693216621875762939e-02
3.273540735244750977e-02
6.314767897129058838e-02
7.190389931201934814e-02
4.793884232640266418e-02
8.590075373649597168e-02
1.403431296348571777e-01
7.334595173597335815e-02
6.988075375556945801e-02
1.842440217733383179e-01
1.722698360681533813e-01
2.019034028053283691e-01
2.036982178688049316e-01
8.978465944528579712e-02
1.224821060895919800e-01
1.393979042768478394e-01
1.487604677677154541e-01
3.675822168588638306e-02
1.505129225552082062e-02
4.317315295338630676e-02
5.919344350695610046e-02
1.144098713994026184e-01
8.862150460481643677e-02
8.389759063720703125e-02
9.682838618755340576e-02
8.455048501491546631e-02
1.893881261348724365e-01
1.958546489477157593e-01
2.263008356094360352e-01
2.187553495168685913e-01
9.509076923131942749e-02
1.352266371250152588e-01
1.388309746980667114e-01
9.408137202262878418e-02
3.668427839875221252e-02
1.342819537967443466e-02
4.742560163140296936e-02
5.794440954923629761e-02
6.578376889228820801e-02
8.783434331417083740e-02
8.099149912595748901e-02
8.551096171140670776e-02
8.414480090141296387e-02
1.855274140834808350e-01
1.773134469985961914e-01
2.089017331600189209e-01
1.863889694213867188e-01
7.947803288698196411e-02
1.038351580500602722e-01
1.559581756591796875e-01
1.293410658836364746e-01
6.280402839183807373e-02
4.049458727240562439e-02
7.236071676015853882e-02
9.184376895427703857e-02
5.238956212997436523e-02
4.831363260746002197e-02
5.099889636039733887e-02
4.758026450872421265e-02
5.061379447579383850e-02
1.381196379661560059e-01
1.662186384201049805e-01
1.585829257965087891e-01
2.157555222511291504e-01
6.283941864967346191e-02
1.058805286884307861e-01
1.548732370138168335e-01
1.207791417837142944e-01
4.762577638030052185e-02
3.070586360991001129e-02
5.151178687810897827e-02
7.626233994960784912e-02
5.329022556543350220e-02
1.208216100931167603e-01
1.008175164461135864e-01
8.701722323894500732e-02
8.456196635961532593e-02
1.873568296432495117e-01
1.804373264312744141e-01
2.111300230026245117e-01
2.355850934982299805e-01
9.479324519634246826e-02
1.766624897718429565e-01
1.259790956974029541e-01
9.163822233676910400e-02
2.352976053953170776e-02
2.509809285402297974e-02
3.076941333711147308e-02
5.033680424094200134e-02
7.466548681259155273e-02
9.819758683443069458e-02
1.047180891036987305e-01
9.830435365438461304e-02
8.763648569583892822e-02
1.882172375917434692e-01
1.778402328491210938e-01
2.107234746217727661e-01
2.072101384401321411e-01
8.232367783784866333e-02
1.225900873541831970e-01
1.509163528680801392e-01
1.248422563076019287e-01
6.245722621679306030e-02
4.212011769413948059e-02
7.950457185506820679e-02
8.571358025074005127e-02
3.896873816847801208e-02
5.514920875430107117e-02
5.432879924774169922e-02
5.840630456805229187e-02
7.778284698724746704e-02
1.448787301778793335e-01
1.436727792024612427e-01
1.854788213968276978e-01
1.642514765262603760e-01
7.491850107908248901e-02
9.573720395565032959e-02
1.602006107568740845e-01
1.236681640148162842e-01
5.339695885777473450e-02
2.896235138177871704e-02
5.873322486877441406e-02
7.391323894262313843e-02
4.746364429593086243e-02
6.497898697853088379e-02
7.278083264827728271e-02
7.841730862855911255e-02
1.248316317796707153e-01
1.867552995681762695e-01
1.721483319997787476e-01
2.217548489570617676e-01
2.196383476257324219e-01
9.956007450819015503e-02
1.602656394243240356e-01
1.307261288166046143e-01
1.126318275928497314e-01
3.664935752749443054e-02
1.729379594326019287e-02
3.512209281325340271e-02
5.112427100539207458e-02
6.896221637725830078e-02
8.816573023796081543e-02
9.583696722984313965e-02
9.486410766839981079e-02
9.011384844779968262e-02
1.895586997270584106e-01
1.764152646064758301e-01
2.207488119602203369e-01
2.156336158514022827e-01
8.604155480861663818e-02
1.165839880704879761e-01
1.458840370178222656e-01
1.177897527813911438e-01
4.814205318689346313e-02
3.564330190420150757e-02
6.420692801475524902e-02
8.658334612846374512e-02
4.572427645325660706e-02
7.691951096057891846e-02
5.505848303437232971e-02
7.509198784828186035e-02
5.501344799995422363e-02
1.565514206886291504e-01
1.527503281831741333e-01
1.761418730020523071e-01
1.789826750755310059e-01
6.139790639281272888e-02
1.044835746288299561e-01
1.550766080617904663e-01
1.202367544174194336e-01
4.320283234119415283e-02
2.501489594578742981e-02
5.509456619620323181e-02
7.991652935743331909e-02
5.168346688151359558e-02
7.426152378320693970e-02
1.008303239941596985e-01
1.134766787290573120e-01
8.040960878133773804e-02
1.834271848201751709e-01
1.684679090976715088e-01
2.015069127082824707e-01
2.095706462860107422e-01
9.300313889980316162e-02
1.328810155391693115e-01
1.291274875402450562e-01
1.439276486635208130e-01
3.806977346539497375e-02
1.449287869036197662e-02
3.367123380303382874e-02
8.247136324644088745e-02
6.989537179470062256e-02
9.317412972450256348e-02
9.299650043249130249e-02
8.999149501323699951e-02
1.101304143667221069e-01
1.831726282835006714e-01
1.897962391376495361e-01
1.974674165248870850e-01
1.954235136508941650e-01
8.379498124122619629e-02
1.197359934449195862e-01
1.523202806711196899e-01
1.389565169811248779e-01
5.632585659623146057e-02
3.155825287103652954e-02
7.433707267045974731e-02
8.622186630964279175e-02
4.364808648824691772e-02
5.013855546712875366e-02
5.371701717376708984e-02
5.183865502476692200e-02
4.575295746326446533e-02
1.492687463760375977e-01
1.311799585819244385e-01
1.857938170433044434e-01
2.818777561187744141e-01
6.342571973800659180e-02
1.291330009698867798e-01
1.608576923608779907e-01
1.188010424375534058e-01
4.691646620631217957e-02
4.773861169815063477e-02
5.166829749941825867e-02
7.024489343166351318e-02
5.362187325954437256e-02
1.314453929662704468e-01
7.975263893604278564e-02
9.266618639230728149e-02
9.032570570707321167e-02
1.836872696876525879e-01
1.716722548007965088e-01
2.286061942577362061e-01
2.239082604646682739e-01
1.088739782571792603e-01
1.359758377075195312e-01
1.311302632093429565e-01
1.018238514661788940e-01
3.356204181909561157e-02
1.461541093885898590e-02
2.952000871300697327e-02
5.019682273268699646e-02
7.348905503749847412e-02
9.294702112674713135e-02
9.514972567558288574e-02
9.372033178806304932e-02
8.634689450263977051e-02
2.112379819154739380e-01
1.805015802383422852e-01
2.240593582391738892e-01
2.210686653852462769e-01
8.440211415290832520e-02
1.159452497959136963e-01
