2.770134277343750000e+02
2.910382690429687500e+02
3.286996765136718750e+02
3.410652160644531250e+02
3.182570190429687500e+02
3.060821228027343750e+02
3.703227233886718750e+02
3.739072875976562500e+02
3.680022277832031250e+02
3.650905761718750000e+02
3.579060363769531250e+02
4.037796936035156250e+02
3.924089050292968750e+02
4.019797973632812500e+02
3.951431579589843750e+02
3.337392272949218750e+02
3.518231811523437500e+02
2.275047607421875000e+02
2.398054199218750000e+02
2.694272155761718750e+02
2.790155029296875000e+02
2.617208557128906250e+02
2.506438903808593750e+02
3.020047607421875000e+02
3.082104187011718750e+02
3.030623168945312500e+02
3.030904541015625000e+02
2.957977294921875000e+02
3.317315673828125000e+02
3.240898132324218750e+02
3.320939331054687500e+02
3.268317871093750000e+02
2.752671508789062500e+02
2.911076660156250000e+02
1.901799621582031250e+02
1.972721557617187500e+02
2.219136352539062500e+02
2.301259460449218750e+02
2.167400817871093750e+02
2.066759033203125000e+02
2.494723510742187500e+02
2.514111175537109375e+02
2.471113586425781250e+02
2.471437377929687500e+02
2.430339965820312500e+02
2.756280822753906250e+02
2.654792785644531250e+02
2.736533203125000000e+02
2.700941162109375000e+02
2.309852600097656250e+02
2.396506652832031250e+02
1.556159820556640625e+02
1.635845947265625000e+02
1.810650329589843750e+02
1.923222045898437500e+02
1.779481811523437500e+02
1.706873321533203125e+02
2.071362609863281250e+02
2.067729797363281250e+02
2.042892761230468750e+02
2.016283569335937500e+02
1.999885559082031250e+02
2.222483062744140625e+02
2.191502532958984375e+02
2.229197998046875000e+02
2.189931640625000000e+02
1.878986968994140625e+02
1.995995635986328125e+02
1.278610839843750000e+02
1.338876953125000000e+02
1.506269073486328125e+02
1.560281677246093750e+02
1.446585083007812500e+02
1.375157470703125000e+02
1.665626983642578125e+02
1.719427795410156250e+02
1.657194519042968750e+02
1.644787292480468750e+02
1.606745605468750000e+02
1.825313720703125000e+02
1.779301910400390625e+02
1.833445434570312500e+02
1.845658416748046875e+02
1.502238464355468750e+02
1.573201293945312500e+02
1.054863128662109375e+02
1.108411254882812500e+02
1.226985015869140625e+02
1.288574218750000000e+02
1.181894836425781250e+02
1.121970062255859375e+02
1.346105499267578125e+02
1.371033477783203125e+02
1.356677703857421875e+02
1.335326538085937500e+02
1.294303588867187500e+02
1.478707122802734375e+02
1.449495391845703125e+02
1.447284088134765625e+02
1.457828674316406250e+02
1.210911560058593750e+02
1.307635650634765625e+02
8.280747985839843750e+01
8.979685974121093750e+01
9.824472808837890625e+01
1.022368164062500000e+02
9.738925170898437500e+01
9.177386474609375000e+01
1.111724472045898438e+02
1.099414443969726562e+02
1.109947586059570312e+02
1.058268432617187500e+02
1.054324874877929688e+02
1.243438644409179688e+02
1.140740509033203125e+02
1.197865753173828125e+02
1.149253997802734375e+02
9.756069183349609375e+01
1.019563369750976562e+02
6.757019042968750000e+01
7.015361785888671875e+01
7.797158813476562500e+01
7.855015563964843750e+01
7.748825073242187500e+01
7.477836608886718750e+01
9.119226837158203125e+01
8.602481079101562500e+01
8.617461395263671875e+01
8.316026306152343750e+01
8.325442504882812500e+01
9.249703979492187500e+01
9.385955810546875000e+01
9.059069824218750000e+01
9.231689453125000000e+01
7.654332733154296875e+01
8.090696716308593750e+01
5.430053329467773438e+01
5.503868103027343750e+01
6.236099243164062500e+01
6.541748046875000000e+01
6.025181961059570312e+01
5.690576171875000000e+01
6.736059570312500000e+01
7.038684082031250000e+01
6.833477020263671875e+01
6.789688110351562500e+01
6.640183258056640625e+01
8.067041015625000000e+01
6.972479248046875000e+01
7.424752807617187500e+01
7.438032531738281250e+01
6.432225036621093750e+01
6.148253250122070312e+01
4.075392150878906250e+01
4.432589340209960938e+01
5.081250381469726562e+01
5.113980865478515625e+01
4.789355087280273438e+01
4.575408554077148438e+01
5.493362045288085938e+01
5.431678009033203125e+01
5.413885116577148438e+01
5.002124404907226562e+01
5.017614746093750000e+01
5.907338714599609375e+01
5.440999984741210938e+01
5.792438888549804688e+01
5.780536651611328125e+01
4.656059265136718750e+01
4.888393020629882812e+01
3.416752624511718750e+01
3.326438522338867188e+01
3.938623809814453125e+01
4.112547302246093750e+01
3.522809600830078125e+01
3.543282318115234375e+01
4.132557678222656250e+01
3.975635147094726562e+01
3.895172119140625000e+01
4.076041412353515625e+01
3.853240585327148438e+01
4.362154388427734375e+01
4.130637359619140625e+01
4.399953460693359375e+01
4.057054138183593750e+01
4.029238128662109375e+01
3.837698364257812500e+01
2.483986473083496094e+01
2.511471939086914062e+01
2.716773986816406250e+01
2.866116333007812500e+01
2.971303558349609375e+01
2.690953826904296875e+01
3.378964233398437500e+01
3.110160064697265625e+01
3.134782600402832031e+01
3.032915496826171875e+01
3.073971366882324219e+01
3.485163116455078125e+01
3.127299118041992188e+01
3.194688034057617188e+01
3.161876869201660156e+01
2.847079467773437500e+01
2.981630325317382812e+01
1.962347793579101562e+01
2.036384201049804688e+01
2.516553497314453125e+01
2.155221557617187500e+01
2.034887886047363281e+01
2.002998924255371094e+01
2.254918289184570312e+01
2.264905929565429688e+01
2.273237609863281250e+01
2.431788825988769531e+01
2.255508613586425781e+01
2.641045761108398438e+01
2.509484100341796875e+01
2.256550598144531250e+01
2.573316001892089844e+01
2.045931243896484375e+01
2.203067398071289062e+01
1.418955612182617188e+01
1.373025512695312500e+01
1.632906532287597656e+01
1.792444229125976562e+01
1.573971557617187500e+01
1.679788970947265625e+01
1.697455215454101562e+01
1.875484466552734375e+01
1.907262611389160156e+01
1.854026412963867188e+01
1.714130783081054688e+01
1.962119483947753906e+01
1.813190460205078125e+01
1.805661392211914062e+01
1.784618759155273438e+01
1.634341239929199219e+01
1.499663352966308594e+01
1.064814186096191406e+01
1.255375862121582031e+01
1.187723731994628906e+01
1.242204666137695312e+01
1.136520290374755859e+01
1.117451286315917969e+01
1.370709037780761719e+01
1.333900070190429688e+01
1.314537239074707031e+01
1.463349342346191406e+01
1.179669761657714844e+01
1.444536399841308594e+01
1.387381744384765625e+01
1.216442012786865234e+01
1.251594638824462891e+01
1.133231735229492188e+01
1.119335746765136719e+01
8.184666633605957031e+00
8.397783279418945312e+00
9.535532951354980469e+00
8.653179168701171875e+00
8.575357437133789062e+00
9.328639984130859375e+00
9.216002464294433594e+00
9.962257385253906250e+00
1.093757629394531250e+01
8.298115730285644531e+00
9.735055923461914062e+00
8.608430862426757812e+00
8.777393341064453125e+00
9.744614601135253906e+00
8.736568450927734375e+00
8.052931785583496094e+00
1.065626907348632812e+01
5.520401000976562500e+00
6.636503219604492188e+00
7.341595649719238281e+00
8.579210281372070312e+00
6.724335193634033203e+00
6.702980041503906250e+00
8.547638893127441406e+00
8.244770050048828125e+00
6.889892578125000000e+00
6.631930351257324219e+00
7.708423614501953125e+00
6.426494598388671875e+00
7.024127483367919922e+00
5.755067825317382812e+00
8.142326354980468750e+00
8.142014503479003906e+00
7.134402275085449219e+00
4.095459938049316406e+00
5.154633998870849609e+00
5.596188545227050781e+00
4.595955848693847656e+00
5.004334926605224609e+00
4.432663440704345703e+00
6.179305076599121094e+00
5.983029365539550781e+00
4.396719455718994141e+00
4.860366821289062500e+00
4.488254547119140625e+00
4.903911590576171875e+00
5.449573516845703125e+00
5.994400024414062500e+00
5.233788490295410156e+00
5.229062557220458984e+00
4.133283615112304688e+00
3.048369407653808594e+00
3.935055255889892578e+00
3.633698225021362305e+00
3.574741601943969727e+00
3.404147386550903320e+00
3.370893239974975586e+00
2.788241386413574219e+00
3.903746128082275391e+00
4.645671367645263672e+00
3.361914634704589844e+00
3.542943477630615234e+00
3.292787551879882812e+00
3.406285762786865234e+00
4.484629631042480469e+00
3.555194377899169922e+00
3.136344909667968750e+00
4.609935283660888672e+00
3.098309040069580078e+00
3.468320131301879883e+00
2.617056369781494141e+00
3.092153549194335938e+00
2.471069335937500000e+00
2.785808563232421875e+00
3.694128036499023438e+00
3.693945407867431641e+00
3.186549663543701172e+00
4.603794097900390625e+00
2.526631593704223633e+00
3.461573123931884766e+00
2.905214309692382812e+00
2.243749380111694336e+00
4.305602073669433594e+00
2.771105289459228516e+00
3.195593357086181641e+00
1.953661084175109863e+00
2.192561388015747070e+00
2.245143890380859375e+00
2.975753784179687500e+00
1.916584134101867676e+00
1.626200199127197266e+00
1.919889211654663086e+00
2.838118076324462891e+00
2.865985870361328125e+00
1.490865468978881836e+00
1.777419567108154297e+00
2.982420921325683594e+00
2.081898927688598633e+00
2.305272102355957031e+00
1.739732980728149414e+00
1.767165184020996094e+00
1.114020586013793945e+00
1.524560928344726562e+00
1.277660250663757324e+00
1.968561649322509766e+00
2.263951301574707031e+00
1.575973033905029297e+00
1.553280234336853027e+00
1.869716525077819824e+00
2.777452945709228516e+00
1.928630352020263672e+00
2.668916463851928711e+00
2.886620044708251953e+00
2.157068967819213867e+00
1.840007305145263672e+00
1.674037218093872070e+00
1.151127338409423828e+00
1.687958598136901855e+00
1.116209268569946289e+00
1.975868701934814453e+00
7.930769324302673340e-01
9.771142005920410156e-01
1.046307086944580078e+00
1.242281198501586914e+00
1.309395313262939453e+00
2.111021757125854492e+00
1.158940196037292480e+00
1.877878904342651367e+00
1.235022783279418945e+00
1.131965637207031250e+00
8.567880988121032715e-01
1.768995285034179688e+00
8.064538240432739258e-01
9.718333482742309570e-01
1.517360687255859375e+00
1.021084308624267578e+00
1.191341161727905273e+00
8.749173879623413086e-01
6.831529140472412109e-01
7.189898490905761719e-01
8.109270334243774414e-01
6.549295783042907715e-01
9.890799522399902344e-01
1.244524836540222168e+00
1.051373004913330078e+00
1.149214625358581543e+00
9.402098059654235840e-01
1.517776012420654297e+00
1.255901694297790527e+00
1.272013902664184570e+00
8.879461288452148438e-01
6.131644845008850098e-01
9.845508933067321777e-01
7.709490060806274414e-01
1.382256507873535156e+00
4.963276088237762451e-01
4.788820147514343262e-01
6.236203908920288086e-01
7.641566991806030273e-01
5.355741381645202637e-01
6.718009114265441895e-01
1.293963432312011719e+00
5.572733879089355469e-01
7.605173587799072266e-01
8.373833894729614258e-01
8.276321291923522949e-01
6.200759410858154297e-01
6.725127100944519043e-01
1.002180814743041992e+00
5.420621633529663086e-01
9.172015786170959473e-01
8.364875316619873047e-01
9.054096937179565430e-01
7.198289632797241211e-01
5.407735109329223633e-01
4.879529178142547607e-01
4.376210272312164307e-01
1.080968976020812988e+00
9.683927297592163086e-01
8.459737300872802734e-01
6.031031608581542969e-01
9.021047353744506836e-01
5.966717600822448730e-01
6.950835585594177246e-01
4.291900396347045898e-01
3.603295683860778809e-01
5.616519451141357422e-01
7.026691436767578125e-01
2.509484291076660156e-01
5.532515048980712891e-01
4.970634281635284424e-01
5.500490665435791016e-01
5.383421182632446289e-01
4.061461091041564941e-01
8.503302335739135742e-01
4.984642267227172852e-01
9.214514493942260742e-01
5.662903785705566406e-01
5.720542669296264648e-01
1.297879219055175781e+00
2.670548558235168457e-01
2.488145679235458374e-01
6.827904582023620605e-01
3.186187744140625000e-01
5.540518760681152344e-01
8.643568754196166992e-01
2.270887941122055054e-01
3.041917681694030762e-01
6.477979421615600586e-01
2.771719992160797119e-01
5.535473823547363281e-01
4.679594039916992188e-01
3.010703325271606445e-01
2.025720775127410889e-01
2.147714346647262573e-01
3.423746824264526367e-01
5.560569763183593750e-01
2.839336693286895752e-01
2.202894836664199829e-01
2.305445373058319092e-01
1.062867164611816406e+00
2.887880206108093262e-01
1.937230974435806274e-01
3.640356361865997314e-01
3.529219329357147217e-01
3.406108021736145020e-01
3.352575898170471191e-01
2.613497972488403320e-01
4.898952245712280273e-01
2.683660984039306641e-01
2.940374910831451416e-01
6.254796981811523438e-01
7.569804191589355469e-01
1.678217947483062744e-01
3.954439163208007812e-01
2.120034098625183105e-01
1.256013870239257812e+00
4.675526618957519531e-01
4.449801445007324219e-01
1.910338997840881348e-01
2.503074407577514648e-01
2.793195843696594238e-01
2.179331332445144653e-01
1.308497488498687744e-01
2.685765027999877930e-01
6.038781404495239258e-01
6.158247590065002441e-01
2.731814980506896973e-01
3.473900854587554932e-01
6.169747710227966309e-01
4.088071882724761963e-01
2.280544042587280273e-01
3.667178153991699219e-01
6.160843968391418457e-01
5.803673341870307922e-02
1.918714642524719238e-01
1.240635216236114502e-01
2.043086141347885132e-01
4.370117187500000000e-01
5.150759220123291016e-01
2.664256691932678223e-01
1.756440103054046631e-01
1.541614979505538940e-01
1.664273440837860107e-01
7.390940189361572266e-01
7.166476845741271973e-01
1.432682871818542480e-01
4.533263444900512695e-01
2.378895878791809082e-01
3.768953084945678711e-01
2.417376637458801270e-01
1.312880665063858032e-01
4.403739273548126221e-01
3.003172874450683594e-01
1.720087826251983643e-01
7.330458164215087891e-01
1.573775857686996460e-01
1.102403327822685242e-01
5.849070847034454346e-02
3.142764270305633545e-01
5.191869735717773438e-01
1.936330497264862061e-01
2.601367831230163574e-01
1.830621957778930664e-01
4.960126876831054688e-01
2.541005909442901611e-01
1.680289804935455322e-01
3.330262005329132080e-01
3.625588417053222656e-01
1.646535247564315796e-01
1.763308048248291016e-01
1.242941617965698242e-01
1.625733226537704468e-01
1.600366830825805664e-01
8.885452896356582642e-02
4.564747512340545654e-01
6.405419707298278809e-01
8.426597118377685547e-01
8.206993341445922852e-02
1.670721322298049927e-01
2.942243218421936035e-01
6.464083194732666016e-01
1.242711097002029419e-01
3.330957293510437012e-01
1.328454762697219849e-01
1.416824907064437866e-01
5.825632065534591675e-02
2.652979493141174316e-01
1.235322058200836182e-01
1.840387880802154541e-01
7.135393470525741577e-02
1.694378554821014404e-01
1.132047101855278015e-01
8.768639713525772095e-02
4.018425196409225464e-02
5.276042595505714417e-02
3.108558058738708496e-01
1.340070366859436035e-01
1.509016752243041992e-01
1.312457025051116943e-01
2.677142024040222168e-01
1.944380849599838257e-01
1.590646207332611084e-01
1.016320735216140747e-01
7.427854835987091064e-02
5.053162202239036560e-02
1.142360791563987732e-01
7.670745253562927246e-02
1.076473444700241089e-01
8.009297400712966919e-02
1.385901123285293579e-01
4.367470741271972656e-02
7.630689442157745361e-02
1.152677088975906372e-01
5.305560231208801270e-01
6.747238337993621826e-02
7.343966513872146606e-02
2.570117712020874023e-01
1.167342215776443481e-01
1.166268438100814819e-01
8.610125631093978882e-02
1.682687103748321533e-01
1.051666513085365295e-01
1.229408904910087585e-01
7.967478036880493164e-02
3.825989738106727600e-02
6.133822351694107056e-02
7.716138660907745361e-02
4.369067400693893433e-02
5.446148514747619629e-01
7.055328786373138428e-02
1.062572300434112549e-01
1.775639653205871582e-01
2.074721753597259521e-01
1.111944094300270081e-01
8.234366774559020996e-02
2.811653912067413330e-01
8.372336626052856445e-02
5.473782867193222046e-02
1.008317470550537109e-01
2.674832046031951904e-01
9.022410959005355835e-02
5.759354308247566223e-02
6.572061777114868164e-02
5.017824470996856689e-02
9.125083684921264648e-02
4.075318872928619385e-01
5.088314786553382874e-02
6.099437922239303589e-02
2.468383312225341797e-01
9.234430640935897827e-02
1.176226064562797546e-01
3.355675563216209412e-02
1.266822218894958496e-01
8.336766064167022705e-02
5.677713453769683838e-02
8.830469101667404175e-02
6.695882976055145264e-02
4.039660096168518066e-02
8.100718259811401367e-02
5.341044813394546509e-02
2.149039804935455322e-01
4.728559404611587524e-02
6.179113686084747314e-02
7.235236465930938721e-02
1.209943369030952454e-01
1.655135005712509155e-01
9.757166355848312378e-02
6.215094774961471558e-02
3.807019069790840149e-02
3.800052776932716370e-02
6.773471832275390625e-02
4.636912047863006592e-02
7.817927747964859009e-02
9.181123226881027222e-02
5.846400186419487000e-02
1.400606185197830200e-01
2.318301610648632050e-02
1.748704314231872559e-01
4.737488552927970886e-02
3.653486073017120361e-02
8.056264370679855347e-02
5.337888002395629883e-02
5.431300401687622070e-02
4.142611846327781677e-02
9.270384907722473145e-02
3.826710954308509827e-02
3.397493809461593628e-02
4.110855609178543091e-02
6.865426152944564819e-02
1.141037605702877045e-02
4.967967048287391663e-02
4.921025782823562622e-02
2.438612654805183411e-02
5.045601725578308105e-02
3.758352249860763550e-02
2.382072061300277710e-02
1.832472532987594604e-02
4.855536222457885742e-01
7.301193475723266602e-02
3.905236721038818359e-02
6.281004101037979126e-02
1.784168928861618042e-01
4.592483490705490112e-02
4.312050342559814453e-02
5.626427754759788513e-02
4.581880569458007812e-02
3.671341016888618469e-02
4.407995939254760742e-02
2.758352831006050110e-02
1.106677390635013580e-02
1.376060023903846741e-02
2.309656515717506409e-02
4.335523396730422974e-02
5.729281902313232422e-02
2.575146593153476715e-02
6.332246959209442139e-02
3.335547447204589844e-02
4.576383903622627258e-02
3.226912766695022583e-02
3.123196214437484741e-02
3.428702801465988159e-02
2.853924036026000977e-01
6.013566255569458008e-02
2.770210802555084229e-02
1.412533689290285110e-02
1.493137702345848083e-02
7.341899722814559937e-02
1.760129816830158234e-02
1.749188750982284546e-01
5.963186547160148621e-02
2.211652696132659912e-02
7.823614031076431274e-02
8.470475673675537109e-01
8.498533070087432861e-02
3.825309127569198608e-02
3.205024003982543945e-01
1.833856850862503052e-02
3.582001626491546631e-01
4.704500734806060791e-02
1.862229034304618835e-02
2.058541029691696167e-02
1.932727359235286713e-02
2.735951542854309082e-02
2.065398544073104858e-02
2.033814042806625366e-02
3.364332765340805054e-02
2.386778220534324646e-02
4.734810441732406616e-02
2.216315455734729767e-02
3.191041573882102966e-02
3.038863837718963623e-02
3.816144913434982300e-02
3.376628085970878601e-02
1.567876711487770081e-02
2.055725827813148499e-02
1.173922792077064514e-01
2.049083262681961060e-02
2.031986787915229797e-02
2.792965248227119446e-02
1.957211643457412720e-02
1.587021909654140472e-02
7.132266182452440262e-03
1.368728466331958771e-02
2.650519832968711853e-02
1.526236534118652344e-01
2.225312776863574982e-02
4.662190377712249756e-02
2.172580510377883911e-01
3.029472380876541138e-02
3.948194533586502075e-02
1.322537660598754883e-02
1.476512476801872253e-02
3.844354301691055298e-02
2.108832076191902161e-02
1.726680621504783630e-02
6.789308041334152222e-03
8.496720343828201294e-03
1.066432893276214600e-02
1.334724947810173035e-02
1.319411583244800568e-02
7.329910062253475189e-03
1.386652141809463501e-02
1.177611574530601501e-02
2.259651198983192444e-02
4.958175495266914368e-02
4.558845609426498413e-02
2.641798555850982666e-02
1.489755325019359589e-02
2.160857990384101868e-02
5.536848679184913635e-02
2.247317694127559662e-02
1.271628960967063904e-02
4.133462440222501755e-03
1.176525093615055084e-02
1.171176694333553314e-02
3.724975287914276123e-01
1.387283764779567719e-02
2.756103686988353729e-02
9.798373281955718994e-02
1.989358104765415192e-02
2.838009595870971680e-02
8.197177946567535400e-02
2.560345083475112915e-02
2.707781642675399780e-02
1.272725127637386322e-02
2.112525701522827148e-02
3.191916644573211670e-02
1.703393273055553436e-02
2.955632749944925308e-03
8.483054116368293762e-03
4.151658620685338974e-03
1.484982855618000031e-02
1.082798186689615250e-02
1.754684373736381531e-02
1.558582298457622528e-02
9.366734884679317474e-03
9.993267804384231567e-02
1.985943317413330078e-02
4.394976794719696045e-02
2.892656251788139343e-02
2.857080101966857910e-02
5.297995172441005707e-03
9.762628003954887390e-03
2.108953334391117096e-02
1.609005033969879150e-02
6.312477402389049530e-03
2.537055872380733490e-02
3.186941146850585938e-03
6.350215524435043335e-03
5.276465788483619690e-03
1.701297424733638763e-02
5.568874254822731018e-02
6.264864653348922729e-02
6.340431049466133118e-03
2.193079888820648193e-02
1.694378629326820374e-02
2.129201591014862061e-02
1.126711964607238770e-01
5.826692096889019012e-03
1.099735312163829803e-02
2.349750697612762451e-02
1.519265677779912949e-02
2.616198658943176270e-01
2.806306816637516022e-02
1.261958852410316467e-02
7.003003731369972229e-03
6.747961044311523438e-03
1.592414267361164093e-02
6.157626863569021225e-03
6.247146986424922943e-03
4.817881621420383453e-03
1.780136302113533020e-02
5.973747372627258301e-02
4.701942950487136841e-02
2.087891846895217896e-02
4.106459673494100571e-03
9.225930087268352509e-03
3.458052128553390503e-02
1.399557106196880341e-02
6.338849663734436035e-02
8.131960406899452209e-03
4.289234988391399384e-03
8.000260218977928162e-03
3.479216014966368675e-03
4.073754325509071350e-02
1.109671127051115036e-02
7.900855503976345062e-03
2.514345571398735046e-02
3.188394755125045776e-02
1.537135802209377289e-02
2.375952340662479401e-02
2.225047908723354340e-02
4.217344336211681366e-03
9.956292808055877686e-03
