2.382816314697265625e+00
2.371748924255371094e+00
2.656525850296020508e+00
2.939553260803222656e+00
2.272440195083618164e+00
2.236584424972534180e+00
2.169529438018798828e+00
1.899576544761657715e+00
1.994161725044250488e+00
1.688178300857543945e+00
1.142871856689453125e+00
1.567971944808959961e+00
9.563295841217041016e-01
1.246380805969238281e+00
6.314947009086608887e-01
4.616590142250061035e-01
3.219766020774841309e-01
8.773465454578399658e-02
3.702656030654907227e-01
3.076441287994384766e-01
1.051140502095222473e-01
4.357444867491722107e-02
1.300729662179946899e-01
1.018400341272354126e-01
1.201591342687606812e-01
1.351355016231536865e-01
1.749574542045593262e-01
2.632602453231811523e-01
2.889705896377563477e-01
2.715423107147216797e-01
2.832126617431640625e-01
2.761712670326232910e-01
3.179843127727508545e-01
3.357838392257690430e-01
4.411198198795318604e-01
5.900134444236755371e-01
3.657584786415100098e-01
4.656468629837036133e-01
3.472539186477661133e-01
3.517310917377471924e-01
5.025928020477294922e-01
2.673431336879730225e-01
3.498671650886535645e-01
2.358599603176116943e-01
2.388416826725006104e-01
2.014957517385482788e-01
1.823558956384658813e-01
2.411478310823440552e-01
9.389686584472656250e-02
6.384152919054031372e-02
1.923241317272186279e-01
1.032422631978988647e-01
7.546629011631011963e-02
3.455645591020584106e-02
4.264624416828155518e-02
4.212509095668792725e-02
2.744772285223007202e-02
1.001050770282745361e-01
1.149212196469306946e-01
1.598214507102966309e-01
1.147684901952743530e-01
1.357483863830566406e-01
2.009983360767364502e-01
1.921350657939910889e-01
2.629812359809875488e-01
3.540782034397125244e-01
1.847803592681884766e-01
1.764743030071258545e-01
5.341694504022598267e-02
7.191206514835357666e-02
8.729852735996246338e-02
6.949369609355926514e-02
5.922156199812889099e-02
8.710928261280059814e-02
1.485551595687866211e-01
1.083696186542510986e-01
2.031215727329254150e-01
1.270824372768402100e-01
7.982897162437438965e-01
2.205775678157806396e-01
1.411057263612747192e-01
1.135610118508338928e-01
9.573803842067718506e-02
4.124360159039497375e-02
6.026055291295051575e-02
4.788483306765556335e-02
3.020019456744194031e-02
2.177539467811584473e-02
5.386759340763092041e-02
4.033845663070678711e-02
4.608201980590820312e-02
9.870468080043792725e-02
5.766603350639343262e-02
4.354290664196014404e-02
4.354396089911460876e-02
3.133983910083770752e-02
3.797694295644760132e-02
3.723334893584251404e-02
3.827290982007980347e-02
3.293999284505844116e-02
6.874148547649383545e-02
4.500442370772361755e-02
9.175134450197219849e-02
1.331251859664916992e-01
6.206655502319335938e-02
3.509259968996047974e-02
4.335772246122360229e-02
5.222888290882110596e-02
2.092219516634941101e-02
3.815581277012825012e-02
2.757338434457778931e-02
1.625277474522590637e-02
7.459326088428497314e-02
6.738418340682983398e-02
6.463636457920074463e-02
7.177585363388061523e-02
6.165119260549545288e-02
6.068589165806770325e-02
3.934881463646888733e-02
3.134458884596824646e-02
7.715703547000885010e-02
2.036165818572044373e-02
3.951042890548706055e-02
3.035764768719673157e-02
3.391970321536064148e-02
1.034131050109863281e-01
5.628095865249633789e-01
1.927634924650192261e-01
1.657813340425491333e-01
6.579689681529998779e-02
1.505994498729705811e-01
9.478810429573059082e-02
3.563105165958404541e-01
1.611346900463104248e-01
1.078812628984451294e-01
7.474359869956970215e-02
2.701685577630996704e-02
2.761534601449966431e-02
1.962967216968536377e-02
3.615482151508331299e-02
1.854352280497550964e-02
3.717648610472679138e-02
1.747658289968967438e-02
6.002072244882583618e-02
1.275101583451032639e-02
5.066522955894470215e-02
1.123026683926582336e-01
3.402951359748840332e-02
4.046573489904403687e-02
3.292681276798248291e-02
5.275684222579002380e-02
1.371804717928171158e-02
5.105346813797950745e-02
4.905732721090316772e-02
8.151651918888092041e-02
5.215746909379959106e-02
2.901455760002136230e-01
1.410674303770065308e-01
2.770276367664337158e-02
2.511430159211158752e-02
2.885506749153137207e-01
1.763915121555328369e-01
7.729018479585647583e-02
1.311899069696664810e-02
3.436083346605300903e-02
4.226488992571830750e-02
3.424014896154403687e-02
4.810510203242301941e-02
2.874604053795337677e-02
4.290056228637695312e-02
3.015503659844398499e-02
3.390511870384216309e-02
1.648058742284774780e-02
1.587276905775070190e-02
1.770132221281528473e-02
2.086908742785453796e-02
4.180077463388442993e-02
4.219336435198783875e-02
6.074550002813339233e-02
4.911373183131217957e-02
2.620866149663925171e-02
8.211687207221984863e-02
5.453440174460411072e-02
7.798811048269271851e-02
9.130359441041946411e-02
6.484119594097137451e-02
3.852824121713638306e-02
2.608993649482727051e-02
4.705247282981872559e-02
1.804015040397644043e-02
3.781305253505706787e-02
4.786042869091033936e-02
1.991449296474456787e-02
2.915880084037780762e-02
1.274082344025373459e-02
2.862713672220706940e-02
2.813174389302730560e-02
5.466676130890846252e-02
4.899818450212478638e-02
1.382695045322179794e-02
1.885345950722694397e-02
5.991005897521972656e-02
2.853947691619396210e-02
1.492554545402526855e-01
3.312458992004394531e-01
3.957938402891159058e-02
1.787624321877956390e-02
1.600787490606307983e-01
3.818929567933082581e-02
2.403767406940460205e-02
1.298955362290143967e-02
2.475344389677047729e-02
2.778784930706024170e-02
1.673630997538566589e-02
2.704437077045440674e-02
3.029176220297813416e-02
3.295879065990447998e-02
6.550733745098114014e-02
4.851672053337097168e-02
3.033770620822906494e-02
3.605484217405319214e-02
2.626043744385242462e-02
2.089915797114372253e-02
1.200960855931043625e-02
2.086650580167770386e-02
3.703978657722473145e-02
1.905538886785507202e-02
3.943556547164916992e-02
3.655028343200683594e-02
3.248071670532226562e-02
4.345871508121490479e-02
3.399821370840072632e-02
1.094078570604324341e-01
7.176442444324493408e-02
9.784621000289916992e-02
8.323372900485992432e-02
4.832723736763000488e-02
6.767582148313522339e-02
3.436968848109245300e-02
4.546595737338066101e-02
1.543034054338932037e-02
5.361645296216011047e-02
2.473013289272785187e-02
1.833635196089744568e-02
1.577066443860530853e-02
1.988354325294494629e-02
3.643369674682617188e-02
2.058071643114089966e-02
3.677408769726753235e-02
4.563865810632705688e-02
2.134582772850990295e-02
1.948751509189605713e-02
2.650048211216926575e-02
1.245340704917907715e-02
2.408263459801673889e-02
4.627459123730659485e-02
2.436293475329875946e-02
2.852483093738555908e-02
1.195369213819503784e-01
2.791969105601310730e-02
1.520278677344322205e-02
3.985283523797988892e-02
4.713428914546966553e-01
1.573743298649787903e-02
2.972456440329551697e-02
4.135236144065856934e-02
6.672370433807373047e-02
3.515454009175300598e-02
6.235637143254280090e-02
6.540779769420623779e-02
1.077861860394477844e-01
5.653388798236846924e-02
3.608746454119682312e-02
1.527535356581211090e-02
7.841732352972030640e-03
4.019255936145782471e-02
1.272287033498287201e-02
1.500365138053894043e-02
2.660086937248706818e-02
1.757418178021907806e-02
1.614105701446533203e-02
1.655581220984458923e-02
1.503024995326995850e-02
5.204566195607185364e-02
4.075524955987930298e-02
7.052518427371978760e-02
6.877849251031875610e-02
2.233555726706981659e-02
3.970605134963989258e-02
4.568376764655113220e-02
2.978388965129852295e-02
1.929303631186485291e-02
1.213408354669809341e-02
3.237221017479896545e-02
9.909281134605407715e-02
1.908222027122974396e-02
2.974933758378028870e-02
1.477407850325107574e-02
8.652915246784687042e-03
2.723969891667366028e-02
4.646306484937667847e-02
1.198105365037918091e-01
4.389467835426330566e-02
3.372697904706001282e-02
2.656417340040206909e-02
4.308072105050086975e-02
3.008086234331130981e-02
2.747744508087635040e-02
2.487499266862869263e-02
1.852761581540107727e-02
1.141092181205749512e-02
5.012936517596244812e-02
1.801868714392185211e-02
2.486634999513626099e-02
2.426697313785552979e-02
3.218229860067367554e-02
4.023180902004241943e-02
6.672489643096923828e-02
5.503535270690917969e-02
6.464043259620666504e-02
5.522669851779937744e-02
2.318269014358520508e-02
4.970266669988632202e-02
2.472600713372230530e-02
2.532234601676464081e-02
4.252172261476516724e-02
3.747712671756744385e-01
2.450988069176673889e-02
1.675758883357048035e-02
2.337551116943359375e-02
3.907785564661026001e-02
3.523223102092742920e-02
6.686560343950986862e-03
1.412400044500827789e-02
3.675992041826248169e-02
3.579798340797424316e-02
3.729548305273056030e-02
6.217060238122940063e-02
1.551740337163209915e-02
1.582733839750289917e-01
4.707458615303039551e-02
2.269523032009601593e-02
1.665495336055755615e-02
2.382164075970649719e-02
2.745291031897068024e-02
1.905253902077674866e-02
2.112723141908645630e-02
2.127679996192455292e-02
1.459935866296291351e-02
8.498149923980236053e-03
2.448923513293266296e-02
2.902592346072196960e-02
4.867859184741973877e-02
3.819426149129867554e-02
3.121938928961753845e-02
3.325759619474411011e-02
1.864630728960037231e-02
1.930194720625877380e-02
1.778925396502017975e-02
8.772844448685646057e-03
1.159573066979646683e-02
1.462733000516891479e-02
1.653644815087318420e-02
1.646260917186737061e-02
1.117462199181318283e-02
3.824372589588165283e-02
1.997249945998191833e-02
1.196268200874328613e-02
4.819520562887191772e-02
6.480591744184494019e-02
5.399035289883613586e-02
3.396516293287277222e-02
1.943012326955795288e-02
2.713467553257942200e-02
2.563916891813278198e-02
2.288641035556793213e-02
3.085789643228054047e-02
3.145111352205276489e-02
2.015651203691959381e-02
1.905733160674571991e-02
1.140035875141620636e-02
1.438718475401401520e-02
7.961435243487358093e-03
2.037986367940902710e-02
3.213065117597579956e-02
1.948608085513114929e-02
2.321276068687438965e-02
6.137508898973464966e-02
5.156592279672622681e-02
1.432460267096757889e-02
6.999947130680084229e-02
2.100498601794242859e-02
3.243669122457504272e-02
3.626376762986183167e-02
1.294958591461181641e-02
1.540725678205490112e-02
1.117440238595008850e-01
1.464162580668926239e-02
3.626895323395729065e-02
4.704742133617401123e-02
3.382485359907150269e-02
3.083717077970504761e-02
4.898545145988464355e-02
4.650066047906875610e-02
4.885897785425186157e-02
5.381933227181434631e-02
2.884628176689147949e-01
2.178852818906307220e-02
4.606554284691810608e-02
2.530710399150848389e-02
2.102137356996536255e-02
1.811812072992324829e-02
1.640905067324638367e-02
2.115546539425849915e-02
2.072517573833465576e-02
4.548330605030059814e-02
1.223550178110599518e-02
1.227855123579502106e-02
5.948370322585105896e-03
9.381666779518127441e-03
2.188582718372344971e-02
2.387021295726299286e-02
2.745239809155464172e-02
7.014764472842216492e-03
2.108907699584960938e-02
2.962093055248260498e-02
1.936494186520576477e-02
9.422730654478073120e-03
1.200828701257705688e-02
9.248252958059310913e-03
6.656603422015905380e-03
2.845777198672294617e-02
2.390911057591438293e-02
2.466929890215396881e-02
3.283915668725967407e-02
2.716971188783645630e-02
5.935537815093994141e-02
4.766691848635673523e-02
6.630976498126983643e-02
6.394001841545104980e-02
2.161686122417449951e-02
2.669325284659862518e-02
2.344246581196784973e-02
1.782026700675487518e-02
1.146366819739341736e-02
4.468508064746856689e-02
1.774830743670463562e-02
2.318353019654750824e-02
1.949134841561317444e-02
2.144913747906684875e-02
4.303307086229324341e-02
3.201485425233840942e-02
1.497347466647624969e-02
1.506744697690010071e-02
1.798314973711967468e-02
2.100681886076927185e-02
4.000529274344444275e-02
1.302463188767433167e-02
1.501988153904676437e-02
2.798280678689479828e-02
2.061079442501068115e-02
8.237434551119804382e-03
1.518779993057250977e-02
1.386457309126853943e-02
3.083682060241699219e-02
2.355087548494338989e-02
1.600131765007972717e-02
1.739340834319591522e-02
1.904363743960857391e-02
1.912687718868255615e-02
4.249957203865051270e-02
4.880693927407264709e-02
6.140376627445220947e-02
6.317836791276931763e-02
1.582221686840057373e-02
8.471271395683288574e-02
1.917855069041252136e-02
1.572968252003192902e-02
9.585761465132236481e-03
5.471906159073114395e-03
8.972410112619400024e-03
1.538191363215446472e-02
1.301703043282032013e-02
1.940255798399448395e-02
1.507158577442169189e-02
3.956224024295806885e-02
8.763486519455909729e-03
1.839634962379932404e-02
3.445512428879737854e-02
2.336046844720840454e-02
2.740347757935523987e-02
4.045443236827850342e-02
2.271568961441516876e-02
2.765916287899017334e-02
2.596002444624900818e-02
2.082827687263488770e-02
1.242332533001899719e-02
2.124025672674179077e-02
1.089349947869777679e-02
1.142197474837303162e-02
2.112918347120285034e-02
1.274364255368709564e-02
1.786893233656883240e-02
7.389081269502639771e-02
4.631232842803001404e-02
6.365936994552612305e-02
5.259806662797927856e-02
5.589833855628967285e-02
2.123606204986572266e-02
1.832401379942893982e-02
2.426258474588394165e-02
1.370661053806543350e-02
7.036912254989147186e-03
1.425584219396114349e-02
6.452063098549842834e-03
1.115695200860500336e-02
2.704782038927078247e-02
8.732564747333526611e-03
6.718592718243598938e-03
2.248501777648925781e-02
6.195132620632648468e-03
6.506173312664031982e-02
2.965527586638927460e-02
5.907110124826431274e-02
3.908707201480865479e-02
1.388748548924922943e-02
2.168276347219944000e-02
3.373522311449050903e-02
1.969977095723152161e-02
1.809341274201869965e-02
8.485858328640460968e-03
1.381892710924148560e-02
1.885667070746421814e-02
6.846963427960872650e-03
1.462848298251628876e-02
1.034546829760074615e-02
9.506586007773876190e-03
3.068969771265983582e-02
4.545187205076217651e-02
3.333732485771179199e-02
3.548292815685272217e-02
6.563817709684371948e-02
1.093284040689468384e-02
2.667065337300300598e-02
1.729643717408180237e-02
1.017754524946212769e-02
1.032112259417772293e-02
2.030420862138271332e-02
5.001626443117856979e-03
1.340038329362869263e-02
2.734177187085151672e-02
1.752228662371635437e-02
1.252416335046291351e-02
2.515531145036220551e-02
8.895922452211380005e-03
4.518312960863113403e-02
3.972301259636878967e-02
4.612677544355392456e-02
3.571516647934913635e-02
2.437523379921913147e-02
2.379543147981166840e-02
3.317187353968620300e-02
2.538609132170677185e-02
1.667928695678710938e-02
1.172660104930400848e-02
3.554058074951171875e-02
2.403022721409797668e-02
1.786597445607185364e-02
1.185262948274612427e-02
9.850483387708663940e-03
1.092689484357833862e-02
1.129185855388641357e-01
1.514083333313465118e-02
1.650254055857658386e-02
3.353322297334671021e-02
3.612516820430755615e-02
1.311443932354450226e-02
3.024698048830032349e-02
1.049486920237541199e-02
4.784421529620885849e-03
6.227253004908561707e-03
1.883421838283538818e-02
1.296906545758247375e-02
8.679195307195186615e-03
6.185311451554298401e-02
8.023916929960250854e-02
5.465699359774589539e-02
5.418792366981506348e-02
4.875854402780532837e-02
8.096060156822204590e-02
6.356470286846160889e-02
8.175236731767654419e-02
6.120999902486801147e-02
1.781630516052246094e-02
1.759539730846881866e-02
4.704467579722404480e-02
8.272349834442138672e-02
4.795772954821586609e-02
5.428133904933929443e-02
8.120471984148025513e-02
9.214304387569427490e-02
6.835423409938812256e-02
5.951929092407226562e-02
6.152431294322013855e-02
5.056177824735641479e-02
4.488973319530487061e-02
2.577738091349601746e-02
8.877930231392383575e-03
1.129997149109840393e-02
2.302571572363376617e-02
7.012977730482816696e-03
2.780528739094734192e-02
3.788286587223410606e-03
1.262560021132230759e-02
5.872435122728347778e-02
1.014806628227233887e-01
9.813190996646881104e-02
1.020765155553817749e-01
2.467978745698928833e-01
2.695746719837188721e-01
2.796614468097686768e-01
2.570764422416687012e-01
2.476904690265655518e-01
3.053358197212219238e-01
2.287240624427795410e-01
1.821316480636596680e-01
1.065652444958686829e-01
1.849329657852649689e-02
1.323056034743785858e-02
1.003534421324729919e-01
1.528016924858093262e-01
2.072250545024871826e-01
2.862483859062194824e-01
3.802876770496368408e-01
4.514911770820617676e-01
4.641555547714233398e-01
5.012335777282714844e-01
4.941240549087524414e-01
4.516054391860961914e-01
3.882544040679931641e-01
2.662331461906433105e-01
1.785021424293518066e-01
1.040752679109573364e-01
2.193726599216461182e-02
1.101269200444221497e-02
3.732059895992279053e-02
1.933842897415161133e-02
8.808021992444992065e-02
2.803089022636413574e-01
4.752976596355438232e-01
5.650774240493774414e-01
6.348947882652282715e-01
1.169968605041503906e+00
1.284255266189575195e+00
1.355519175529479980e+00
1.285007715225219727e+00
1.176234960556030273e+00
1.323879480361938477e+00
1.060773372650146484e+00
8.251492977142333984e-01
5.308649539947509766e-01
1.539565026760101318e-01
5.592901259660720825e-02
6.982623040676116943e-02
1.903495341539382935e-01
3.181614577770233154e-01
5.344618558883666992e-01
7.594097256660461426e-01
9.871774911880493164e-01
1.202284336090087891e+00
1.354338169097900391e+00
1.446867704391479492e+00
1.509535193443298340e+00
1.434792995452880859e+00
1.336640119552612305e+00
1.121363639831542969e+00
8.730545043945312500e-01
6.149617433547973633e-01
3.644056916236877441e-01
1.449286490678787231e-01
1.019625291228294373e-01
1.541108824312686920e-02
2.906896173954010010e-02
1.171074435114860535e-01
1.939397752285003662e-01
2.763777971267700195e-01
6.725698709487915039e-01
9.093762636184692383e-01
1.047449827194213867e+00
1.179939508438110352e+00
1.252634525299072266e+00
1.671397209167480469e+00
1.662963390350341797e+00
1.601173400878906250e+00
1.402599096298217773e+00
8.471742868423461914e-01
7.230932116508483887e-01
1.324740946292877197e-01
9.152522683143615723e-02
7.099825143814086914e-02
4.134964942932128906e-02
9.960950165987014771e-02
5.345222540199756622e-03
1.060275081545114517e-02
1.896357722580432892e-02
4.785386472940444946e-02
7.568120211362838745e-02
1.424118578433990479e-01
1.379533112049102783e-01
1.857036650180816650e-01
2.277827858924865723e-01
2.591194510459899902e-01
3.192672133445739746e-01
3.358127474784851074e-01
4.396546483039855957e-01
4.228643774986267090e-01
4.064664840698242188e-01
3.778518438339233398e-01
3.843850493431091309e-01
3.700933456420898438e-01
2.724447846412658691e-01
2.469353526830673218e-01
1.835597157478332520e-01
1.464570909738540649e-01
1.023395657539367676e-01
3.338045626878738403e-02
1.245932187885046005e-02
6.325958296656608582e-03
3.339438885450363159e-02
4.136542603373527527e-02
1.294070184230804443e-01
3.657604008913040161e-02
1.069624423980712891e-01
2.484564185142517090e-01
3.651549518108367920e-01
4.052782654762268066e-01
4.560730755329132080e-01
7.839416861534118652e-01
8.662515282630920410e-01
9.013912081718444824e-01
8.961474895477294922e-01
8.182222247123718262e-01
1.022347450256347656e+00
8.481914997100830078e-01
7.472827434539794922e-01
6.110095977783203125e-01
2.813846468925476074e-01
1.384323239326477051e-01
4.645003937184810638e-03
2.589329704642295837e-02
4.807413741946220398e-02
9.831446409225463867e-02
1.840536892414093018e-01
2.812915444374084473e-01
3.084459602832794189e-01
3.890540599822998047e-01
4.545686841011047363e-01
5.264570713043212891e-01
5.320920944213867188e-01
5.274625420570373535e-01
4.851341843605041504e-01
4.502284526824951172e-01
3.893481194972991943e-01
3.358489871025085449e-01
2.251143902540206909e-01
2.529503703117370605e-01
1.600334793329238892e-01
8.112871646881103516e-02
3.958341851830482483e-02
2.515222132205963135e-02
1.160240173339843750e-02
1.070851832628250122e-02
2.991648390889167786e-02
5.335775017738342285e-02
8.218410611152648926e-02
1.231901198625564575e-01
2.191095352172851562e-01
2.715747356414794922e-01
3.549583256244659424e-01
3.844392299652099609e-01
2.833321988582611084e-01
3.442688584327697754e-01
6.957137584686279297e-02
1.069051921367645264e-01
1.576108336448669434e-01
1.869445145130157471e-01
1.478544026613235474e-01
1.258266270160675049e-01
2.434184849262237549e-01
2.387623339891433716e-01
2.062799930572509766e-01
1.796147674322128296e-01
1.407079696655273438e-01
1.779371351003646851e-01
1.247759312391281128e-01
9.092196822166442871e-02
4.997537285089492798e-02
5.850431509315967560e-03
6.528943777084350586e-03
9.620428085327148438e-02
1.257044970989227295e-01
1.466107666492462158e-01
1.876073479652404785e-01
2.550621926784515381e-01
3.144886493682861328e-01
2.893722653388977051e-01
3.134034574031829834e-01
3.220100998878479004e-01
3.375639021396636963e-01
3.015463948249816895e-01
2.485065013170242310e-01
2.005178332328796387e-01
1.431852430105209351e-01
9.887617081403732300e-02
1.067068427801132202e-01
2.521694637835025787e-02
5.927063524723052979e-02
2.051806263625621796e-02
2.523523755371570587e-03
1.770904287695884705e-02
2.865447476506233215e-02
3.626519441604614258e-02
1.605104207992553711e-01
2.177969813346862793e-01
2.454002499580383301e-01
2.692478895187377930e-01
2.841077148914337158e-01
4.266252517700195312e-01
4.444359540939331055e-01
4.730033278465270996e-01
4.431991875171661377e-01
2.407162040472030640e-01
2.486618757247924805e-01
3.087322413921356201e-02
2.639554254710674286e-02
2.884772978723049164e-02
2.727088145911693573e-02
1.014583092182874680e-02
3.494399599730968475e-03
1.382286753505468369e-02
1.011505816131830215e-02
7.682272698730230331e-03
3.038893919438123703e-03
7.755622733384370804e-03
5.697220563888549805e-03
5.341703072190284729e-03
7.937921211123466492e-03
4.008515551686286926e-02
4.359364137053489685e-02
4.106491804122924805e-02
