2.813775634765625000e+01
3.177497673034667969e+01
3.518015289306640625e+01
3.551081466674804688e+01
3.369316101074218750e+01
3.167252540588378906e+01
3.717510604858398438e+01
3.941802215576171875e+01
3.870056915283203125e+01
3.951705932617187500e+01
3.916955184936523438e+01
4.346044158935546875e+01
4.397085952758789062e+01
4.343686676025390625e+01
4.325579452514648438e+01
3.843288803100585938e+01
4.101115036010742188e+01
2.700262641906738281e+01
2.882823181152343750e+01
3.255028152465820312e+01
3.361349487304687500e+01
3.111159324645996094e+01
2.964208793640136719e+01
3.699082946777343750e+01
3.716316223144531250e+01
3.637873077392578125e+01
3.706918334960937500e+01
3.621057891845703125e+01
3.973880767822265625e+01
4.058140563964843750e+01
4.125750732421875000e+01
4.037540435791015625e+01
3.442095947265625000e+01
3.859380340576171875e+01
2.587850570678710938e+01
2.644466781616210938e+01
3.052085876464843750e+01
3.120090484619140625e+01
2.977153015136718750e+01
2.922062301635742188e+01
3.531857299804687500e+01
3.557854461669921875e+01
3.442211914062500000e+01
3.536646270751953125e+01
3.431354522705078125e+01
3.968974685668945312e+01
3.513676071166992188e+01
4.070301055908203125e+01
3.816992950439453125e+01
3.250569915771484375e+01
3.556269836425781250e+01
2.448798561096191406e+01
2.539891052246093750e+01
2.919405364990234375e+01
2.979301834106445312e+01
2.712770271301269531e+01
2.750302886962890625e+01
3.276522827148437500e+01
3.368093490600585938e+01
3.342930984497070312e+01
3.271856689453125000e+01
3.261537933349609375e+01
3.631482696533203125e+01
3.639159011840820312e+01
3.793798828125000000e+01
3.611589813232421875e+01
3.118669891357421875e+01
3.336062240600585938e+01
2.278306198120117188e+01
2.381879615783691406e+01
2.712067794799804688e+01
2.853961563110351562e+01
2.669045066833496094e+01
2.545492744445800781e+01
3.123269462585449219e+01
3.194859313964843750e+01
3.084200286865234375e+01
3.148425674438476562e+01
3.027297973632812500e+01
3.489472961425781250e+01
3.287482452392578125e+01
3.696098327636718750e+01
3.640492248535156250e+01
3.050367736816406250e+01
3.330455398559570312e+01
2.012543106079101562e+01
2.426819229125976562e+01
2.552247619628906250e+01
2.710670471191406250e+01
2.584791183471679688e+01
2.623425292968750000e+01
2.796389007568359375e+01
2.939559936523437500e+01
2.928681564331054688e+01
2.924674606323242188e+01
2.888973999023437500e+01
3.247584533691406250e+01
3.230674743652343750e+01
3.258841705322265625e+01
3.309697723388671875e+01
2.841940116882324219e+01
3.074359893798828125e+01
2.033786964416503906e+01
2.181700515747070312e+01
2.376284217834472656e+01
2.543973731994628906e+01
2.425053215026855469e+01
2.266311645507812500e+01
2.709674453735351562e+01
2.896595001220703125e+01
2.884237289428710938e+01
2.749255752563476562e+01
2.757734107971191406e+01
3.045328521728515625e+01
3.074322319030761719e+01
3.103449058532714844e+01
3.124594497680664062e+01
2.682981872558593750e+01
2.792949676513671875e+01
1.999715042114257812e+01
2.131664085388183594e+01
2.320279884338378906e+01
2.392996597290039062e+01
2.286403274536132812e+01
2.316501235961914062e+01
2.547048759460449219e+01
2.648278999328613281e+01
2.598634338378906250e+01
2.629072570800781250e+01
2.576697540283203125e+01
2.810968780517578125e+01
2.819074630737304688e+01
2.887851142883300781e+01
2.919821929931640625e+01
2.540628433227539062e+01
2.691950225830078125e+01
1.866053771972656250e+01
1.960441207885742188e+01
2.151692008972167969e+01
2.219818878173828125e+01
2.155511093139648438e+01
2.012967109680175781e+01
2.546962165832519531e+01
2.506302070617675781e+01
2.489647293090820312e+01
2.354221725463867188e+01
2.375904846191406250e+01
2.676652908325195312e+01
2.721252822875976562e+01
2.590481567382812500e+01
2.746998977661132812e+01
2.401253890991210938e+01
2.508125305175781250e+01
1.776928520202636719e+01
1.735073089599609375e+01
2.093372726440429688e+01
2.102234268188476562e+01
1.951764869689941406e+01
1.895518875122070312e+01
2.342822456359863281e+01
2.267941093444824219e+01
2.303115081787109375e+01
2.338365554809570312e+01
2.334250640869140625e+01
2.630846405029296875e+01
2.552974700927734375e+01
2.550202560424804688e+01
2.667745208740234375e+01
2.134159851074218750e+01
2.394161987304687500e+01
2.086889076232910156e+01
2.126813507080078125e+01
2.471879768371582031e+01
2.534841918945312500e+01
2.371066856384277344e+01
2.321182823181152344e+01
2.591383171081542969e+01
2.514870834350585938e+01
2.613604354858398438e+01
2.605202865600585938e+01
2.672737312316894531e+01
2.879794883728027344e+01
2.790837097167968750e+01
2.844274139404296875e+01
2.928095436096191406e+01
2.605836677551269531e+01
2.824413299560546875e+01
1.993115425109863281e+01
2.030550765991210938e+01
2.207492065429687500e+01
2.301403999328613281e+01
2.232664108276367188e+01
2.184527587890625000e+01
2.397266197204589844e+01
2.465892219543457031e+01
2.487366867065429688e+01
2.552818870544433594e+01
2.489604187011718750e+01
2.794685173034667969e+01
2.587794113159179688e+01
2.720122718811035156e+01
2.784850502014160156e+01
2.382460784912109375e+01
2.448093414306640625e+01
1.890611076354980469e+01
1.940140533447265625e+01
1.965564155578613281e+01
2.145854949951171875e+01
2.033412742614746094e+01
2.040151214599609375e+01
2.373282623291015625e+01
2.435389328002929688e+01
2.307687759399414062e+01
2.274561882019042969e+01
2.237433052062988281e+01
2.510659980773925781e+01
2.386212539672851562e+01
2.564396286010742188e+01
2.559504127502441406e+01
2.219749832153320312e+01
2.318294715881347656e+01
1.705001640319824219e+01
1.787368583679199219e+01
1.949246025085449219e+01
1.927433395385742188e+01
1.913324546813964844e+01
1.845185279846191406e+01
2.180101966857910156e+01
2.208190727233886719e+01
2.150313949584960938e+01
2.237432861328125000e+01
2.148353385925292969e+01
2.377985954284667969e+01
2.286753654479980469e+01
2.428441047668457031e+01
2.334586715698242188e+01
1.981868934631347656e+01
2.102419090270996094e+01
1.618795585632324219e+01
1.649463272094726562e+01
1.823023796081542969e+01
1.931689071655273438e+01
1.805137252807617188e+01
1.825653648376464844e+01
1.947538757324218750e+01
1.972905921936035156e+01
2.081012916564941406e+01
1.933590888977050781e+01
1.983708953857421875e+01
2.171973228454589844e+01
2.054693984985351562e+01
2.128564643859863281e+01
2.085147857666015625e+01
1.934099388122558594e+01
2.103908729553222656e+01
1.511559104919433594e+01
1.623234558105468750e+01
1.801609039306640625e+01
1.726918220520019531e+01
1.779523468017578125e+01
1.658309364318847656e+01
1.926353263854980469e+01
1.871519851684570312e+01
1.906687736511230469e+01
1.786734390258789062e+01
1.910160064697265625e+01
1.977966308593750000e+01
1.803846168518066406e+01
2.084811782836914062e+01
1.965357398986816406e+01
1.822246742248535156e+01
1.804140853881835938e+01
1.384825134277343750e+01
1.438871192932128906e+01
1.629966163635253906e+01
1.667236137390136719e+01
1.563835811614990234e+01
1.566584682464599609e+01
1.779390335083007812e+01
1.796947860717773438e+01
1.788564109802246094e+01
1.711810874938964844e+01
1.779338455200195312e+01
2.080428314208984375e+01
1.895448112487792969e+01
1.856736564636230469e+01
1.925855636596679688e+01
1.719669914245605469e+01
1.734560012817382812e+01
1.370482444763183594e+01
1.524866294860839844e+01
1.457381439208984375e+01
1.531308460235595703e+01
1.490594100952148438e+01
1.402465438842773438e+01
1.639027214050292969e+01
1.636927795410156250e+01
1.598864841461181641e+01
1.640518188476562500e+01
1.551269340515136719e+01
1.681094360351562500e+01
1.736457443237304688e+01
1.826916694641113281e+01
1.775889587402343750e+01
1.581138229370117188e+01
1.658584976196289062e+01
1.222267150878906250e+01
1.321220016479492188e+01
1.389490509033203125e+01
1.479079055786132812e+01
1.363991069793701172e+01
1.355299282073974609e+01
1.559192657470703125e+01
1.525258541107177734e+01
1.578470516204833984e+01
1.537647533416748047e+01
1.534433078765869141e+01
1.733031082153320312e+01
1.632209587097167969e+01
1.596970272064208984e+01
1.605937767028808594e+01
1.429295825958251953e+01
1.509538078308105469e+01
1.222661972045898438e+01
1.186623477935791016e+01
1.342010784149169922e+01
1.338973617553710938e+01
1.235644817352294922e+01
1.243300342559814453e+01
1.356840133666992188e+01
1.412722396850585938e+01
1.387784004211425781e+01
1.362016201019287109e+01
1.448251438140869141e+01
1.433428955078125000e+01
1.600471305847167969e+01
1.581535243988037109e+01
1.552599430084228516e+01
1.409765243530273438e+01
1.421913337707519531e+01
