2.813775634765625000e+01
3.177497673034667969e+01
3.518015289306640625e+01
3.551081466674804688e+01
3.369316101074218750e+01
3.167252540588378906e+01
3.717510604858398438e+01
3.941802215576171875e+01
3.870056915283203125e+01
3.951705932617187500e+01
3.916955184936523438e+01
4.346044158935546875e+01
4.397085952758789062e+01
4.343686676025390625e+01
4.325579452514648438e+01
3.843288803100585938e+01
4.101115036010742188e+01
2.700262641906738281e+01
2.882823181152343750e+01
3.255028152465820312e+01
3.361349487304687500e+01
3.111159324645996094e+01
2.964208793640136719e+01
3.699082946777343750e+01
3.716316223144531250e+01
3.637873077392578125e+01
3.706918334960937500e+01
3.621057891845703125e+01
3.973880767822265625e+01
4.058140563964843750e+01
4.125750732421875000e+01
4.037540435791015625e+01
3.442095947265625000e+01
3.859380340576171875e+01
2.587850570678710938e+01
2.644466781616210938e+01
3.052085876464843750e+01
3.120090484619140625e+01
2.977153015136718750e+01
2.922062301635742188e+01
3.531857299804687500e+01
3.557854461669921875e+01
3.442211914062500000e+01
3.536646270751953125e+01
3.431354522705078125e+01
3.968974685668945312e+01
3.513676071166992188e+01
4.070301055908203125e+01
3.816992950439453125e+01
3.250569915771484375e+01
3.556269836425781250e+01
2.448798561096191406e+01
2.539891052246093750e+01
2.919405364990234375e+01
2.979301834106445312e+01
2.712770271301269531e+01
2.750302886962890625e+01
3.276522827148437500e+01
3.368093490600585938e+01
3.342930984497070312e+01
3.271856689453125000e+01
3.261537933349609375e+01
3.631482696533203125e+01
3.639159011840820312e+01
3.793798828125000000e+01
3.611589813232421875e+01
3.118669891357421875e+01
3.336062240600585938e+01
2.278306198120117188e+01
2.381879615783691406e+01
2.712067794799804688e+01
2.853961563110351562e+01
2.669045066833496094e+01
2.545492744445800781e+01
3.123269462585449219e+01
3.194859313964843750e+01
3.084200286865234375e+01
3.148425674438476562e+01
3.027297973632812500e+01
3.489472961425781250e+01
3.287482452392578125e+01
3.696098327636718750e+01
3.640492248535156250e+01
3.050367736816406250e+01
3.330455398559570312e+01
2.012543106079101562e+01
2.426819229125976562e+01
2.552247619628906250e+01
2.710670471191406250e+01
2.584791183471679688e+01
2.623425292968750000e+01
2.796389007568359375e+01
2.939559936523437500e+01
2.928681564331054688e+01
2.924674606323242188e+01
2.888973999023437500e+01
3.247584533691406250e+01
3.230674743652343750e+01
3.258841705322265625e+01
3.309697723388671875e+01
2.841940116882324219e+01
3.074359893798828125e+01
2.033786964416503906e+01
2.181700515747070312e+01
2.376284217834472656e+01
2.543973731994628906e+01
2.425053215026855469e+01
2.266311645507812500e+01
2.709674453735351562e+01
2.896595001220703125e+01
2.884237289428710938e+01
2.749255752563476562e+01
2.757734107971191406e+01
3.045328521728515625e+01
3.074322319030761719e+01
3.103449058532714844e+01
3.124594497680664062e+01
2.682981872558593750e+01
2.792949676513671875e+01
1.999715042114257812e+01
2.131664085388183594e+01
2.320279884338378906e+01
2.392996597290039062e+01
2.286403274536132812e+01
2.316501235961914062e+01
2.547048759460449219e+01
2.648278999328613281e+01
2.598634338378906250e+01
2.629072570800781250e+01
2.576697540283203125e+01
2.810968780517578125e+01
2.819074630737304688e+01
2.887851142883300781e+01
2.919821929931640625e+01
2.540628433227539062e+01
2.691950225830078125e+01
1.866053771972656250e+01
1.960441207885742188e+01
2.151692008972167969e+01
2.219818878173828125e+01
2.155511093139648438e+01
2.012967109680175781e+01
2.546962165832519531e+01
2.506302070617675781e+01
2.489647293090820312e+01
2.354221725463867188e+01
2.375904846191406250e+01
2.676652908325195312e+01
2.721252822875976562e+01
2.590481567382812500e+01
2.746998977661132812e+01
2.401253890991210938e+01
2.508125305175781250e+01
1.776928520202636719e+01
1.735073089599609375e+01
2.093372726440429688e+01
2.102234268188476562e+01
1.951764869689941406e+01
1.895518875122070312e+01
2.342822456359863281e+01
2.267941093444824219e+01
2.303115081787109375e+01
2.338365554809570312e+01
2.334250640869140625e+01
2.630846405029296875e+01
2.552974700927734375e+01
2.550202560424804688e+01
2.667745208740234375e+01
2.134159851074218750e+01
2.394161987304687500e+01
2.086889076232910156e+01
2.126813507080078125e+01
2.471879768371582031e+01
2.534841918945312500e+01
2.371066856384277344e+01
2.321182823181152344e+01
2.591383171081542969e+01
2.514870834350585938e+01
2.613604354858398438e+01
2.605202865600585938e+01
2.672737312316894531e+01
2.879794883728027344e+01
2.790837097167968750e+01
2.844274139404296875e+01
2.928095436096191406e+01
2.605836677551269531e+01
2.824413299560546875e+01
1.993115425109863281e+01
2.030550765991210938e+01
2.207492065429687500e+01
2.301403999328613281e+01
2.232664108276367188e+01
2.184527587890625000e+01
2.397266197204589844e+01
2.465892219543457031e+01
2.487366867065429688e+01
2.552818870544433594e+01
2.489604187011718750e+01
2.794685173034667969e+01
2.587794113159179688e+01
2.720122718811035156e+01
2.784850502014160156e+01
2.382460784912109375e+01
2.448093414306640625e+01
1.890611076354980469e+01
1.940140533447265625e+01
1.965564155578613281e+01
2.145854949951171875e+01
2.033412742614746094e+01
2.040151214599609375e+01
2.373282623291015625e+01
2.435389328002929688e+01
2.307687759399414062e+01
2.274561882019042969e+01
2.237433052062988281e+01
2.510659980773925781e+01
2.386212539672851562e+01
2.564396286010742188e+01
2.559504127502441406e+01
2.219749832153320312e+01
2.318294715881347656e+01
1.705001640319824219e+01
1.787368583679199219e+01
1.949246025085449219e+01
1.927433395385742188e+01
1.913324546813964844e+01
1.845185279846191406e+01
2.180101966857910156e+01
2.208190727233886719e+01
2.150313949584960938e+01
2.237432861328125000e+01
2.148353385925292969e+01
2.377985954284667969e+01
2.286753654479980469e+01
2.428441047668457031e+01
2.334586715698242188e+01
1.981868934631347656e+01
2.102419090270996094e+01
1.618795585632324219e+01
1.649463272094726562e+01
1.823023796081542969e+01
1.931689071655273438e+01
1.805137252807617188e+01
1.825653648376464844e+01
1.947538757324218750e+01
1.972905921936035156e+01
2.081012916564941406e+01
1.933590888977050781e+01
1.983708953857421875e+01
2.171973228454589844e+01
2.054693984985351562e+01
2.128564643859863281e+01
2.085147857666015625e+01
1.934099388122558594e+01
2.103908729553222656e+01
1.511559104919433594e+01
1.623234558105468750e+01
1.801609039306640625e+01
1.726918220520019531e+01
1.779523468017578125e+01
1.658309364318847656e+01
1.926353263854980469e+01
1.871519851684570312e+01
1.906687736511230469e+01
1.786734390258789062e+01
1.910160064697265625e+01
1.977966308593750000e+01
1.803846168518066406e+01
2.084811782836914062e+01
1.965357398986816406e+01
1.822246742248535156e+01
1.804140853881835938e+01
1.384825134277343750e+01
1.438871192932128906e+01
1.629966163635253906e+01
1.667236137390136719e+01
1.563835811614990234e+01
1.566584682464599609e+01
1.779390335083007812e+01
1.796947860717773438e+01
1.788564109802246094e+01
1.711810874938964844e+01
1.779338455200195312e+01
2.080428314208984375e+01
1.895448112487792969e+01
1.856736564636230469e+01
1.925855636596679688e+01
1.719669914245605469e+01
1.734560012817382812e+01
1.370482444763183594e+01
1.524866294860839844e+01
1.457381439208984375e+01
1.531308460235595703e+01
1.490594100952148438e+01
1.402465438842773438e+01
1.639027214050292969e+01
1.636927795410156250e+01
1.598864841461181641e+01
1.640518188476562500e+01
1.551269340515136719e+01
1.681094360351562500e+01
1.736457443237304688e+01
1.826916694641113281e+01
1.775889587402343750e+01
1.581138229370117188e+01
1.658584976196289062e+01
1.222267150878906250e+01
1.321220016479492188e+01
1.389490509033203125e+01
1.479079055786132812e+01
1.363991069793701172e+01
1.355299282073974609e+01
1.559192657470703125e+01
1.525258541107177734e+01
1.578470516204833984e+01
1.537647533416748047e+01
1.534433078765869141e+01
1.733031082153320312e+01
1.632209587097167969e+01
1.596970272064208984e+01
1.605937767028808594e+01
1.429295825958251953e+01
1.509538078308105469e+01
1.222661972045898438e+01
1.186623477935791016e+01
1.342010784149169922e+01
1.338973617553710938e+01
1.235644817352294922e+01
1.243300342559814453e+01
1.356840133666992188e+01
1.412722396850585938e+01
1.387784004211425781e+01
1.362016201019287109e+01
1.448251438140869141e+01
1.433428955078125000e+01
1.600471305847167969e+01
1.581535243988037109e+01
1.552599430084228516e+01
1.409765243530273438e+01
1.421913337707519531e+01
8.315973281860351562e+00
8.824978828430175781e+00
9.471754074096679688e+00
9.210429191589355469e+00
9.177369117736816406e+00
8.082891464233398438e+00
1.037946033477783203e+01
1.031148147583007812e+01
9.816679000854492188e+00
9.711578369140625000e+00
9.376419067382812500e+00
1.125014591217041016e+01
9.873671531677246094e+00
1.084312915802001953e+01
1.094721508026123047e+01
9.298524856567382812e+00
9.447022438049316406e+00
7.427277088165283203e+00
7.013050079345703125e+00
7.992537975311279297e+00
7.932508945465087891e+00
7.721890449523925781e+00
8.048706054687500000e+00
9.522832870483398438e+00
8.756945610046386719e+00
8.956761360168457031e+00
9.010824203491210938e+00
8.509947776794433594e+00
9.350517272949218750e+00
9.487236022949218750e+00
9.867939949035644531e+00
9.543204307556152344e+00
8.549820899963378906e+00
8.943968772888183594e+00
6.242475509643554688e+00
6.567419052124023438e+00
7.598343372344970703e+00
7.970045089721679688e+00
7.334532737731933594e+00
6.995286464691162109e+00
8.084959030151367188e+00
8.173177719116210938e+00
7.345082759857177734e+00
7.658996105194091797e+00
7.817800521850585938e+00
8.222661018371582031e+00
9.505948066711425781e+00
8.951980590820312500e+00
8.612851142883300781e+00
7.512217998504638672e+00
7.739926815032958984e+00
6.020946502685546875e+00
6.116675376892089844e+00
6.849540710449218750e+00
7.469750881195068359e+00
6.832651138305664062e+00
6.636232376098632812e+00
7.432884216308593750e+00
7.478446960449218750e+00
7.358033657073974609e+00
7.034391403198242188e+00
7.221065998077392578e+00
7.509918689727783203e+00
7.656807899475097656e+00
7.711160182952880859e+00
7.802392005920410156e+00
7.318826675415039062e+00
7.390542984008789062e+00
5.545338630676269531e+00
5.569354534149169922e+00
5.839165210723876953e+00
6.091263294219970703e+00
5.509594917297363281e+00
6.089120388031005859e+00
6.900141716003417969e+00
6.750073432922363281e+00
6.408745288848876953e+00
6.044687747955322266e+00
6.477125644683837891e+00
7.031142711639404297e+00
7.449708461761474609e+00
7.280660629272460938e+00
6.333048343658447266e+00
6.413764476776123047e+00
6.710117340087890625e+00
4.687885761260986328e+00
4.914349079132080078e+00
5.206162929534912109e+00
5.560667514801025391e+00
5.471418857574462891e+00
5.125792503356933594e+00
5.836971759796142578e+00
5.673364639282226562e+00
5.913919925689697266e+00
6.011054515838623047e+00
5.996179580688476562e+00
6.208180427551269531e+00
6.191055774688720703e+00
6.836998462677001953e+00
6.572920799255371094e+00
5.213265419006347656e+00
5.863031864166259766e+00
4.136762619018554688e+00
4.525017738342285156e+00
4.601986885070800781e+00
5.090186595916748047e+00
4.737424850463867188e+00
4.898025989532470703e+00
5.143731594085693359e+00
5.089173316955566406e+00
4.787213325500488281e+00
5.129601955413818359e+00
5.242627620697021484e+00
5.649866580963134766e+00
5.338533878326416016e+00
5.468552589416503906e+00
5.956604480743408203e+00
5.210556983947753906e+00
5.344337940216064453e+00
4.002439022064208984e+00
4.295377731323242188e+00
4.288704395294189453e+00
4.439934730529785156e+00
4.527315139770507812e+00
4.220792293548583984e+00
4.983122825622558594e+00
4.770138263702392578e+00
5.346156120300292969e+00
4.660445213317871094e+00
4.398878097534179688e+00
5.033164501190185547e+00
4.809091567993164062e+00
5.019035816192626953e+00
4.664607524871826172e+00
4.562994003295898438e+00
4.887409210205078125e+00
3.560137748718261719e+00
3.686036109924316406e+00
4.211715221405029297e+00
4.238775253295898438e+00
3.692370176315307617e+00
3.800463438034057617e+00
4.318925380706787109e+00
4.649488449096679688e+00
4.381630897521972656e+00
4.063977718353271484e+00
4.169672012329101562e+00
4.647693634033203125e+00
4.307320594787597656e+00
4.348948478698730469e+00
4.201633453369140625e+00
3.878651857376098633e+00
4.201293468475341797e+00
3.209955930709838867e+00
3.166098356246948242e+00
3.673359155654907227e+00
3.681793689727783203e+00
3.580117225646972656e+00
3.367817878723144531e+00
3.607365846633911133e+00
3.982745885848999023e+00
3.759685993194580078e+00
3.821318387985229492e+00
3.550251007080078125e+00
4.172826290130615234e+00
3.932817220687866211e+00
4.058360576629638672e+00
4.232122421264648438e+00
3.717958450317382812e+00
3.564577579498291016e+00
4.168444633483886719e+00
4.672852039337158203e+00
5.220711708068847656e+00
4.870404720306396484e+00
4.744844436645507812e+00
4.936098575592041016e+00
5.227153778076171875e+00
5.035852909088134766e+00
5.300313472747802734e+00
5.082895755767822266e+00
4.872509479522705078e+00
5.379903316497802734e+00
5.328125000000000000e+00
5.040469646453857422e+00
5.452734947204589844e+00
4.542756080627441406e+00
4.870013713836669922e+00
4.026117801666259766e+00
3.948013067245483398e+00
4.334024429321289062e+00
4.570330142974853516e+00
4.331000328063964844e+00
4.135004997253417969e+00
4.455879211425781250e+00
4.543927192687988281e+00
4.543800354003906250e+00
3.933908462524414062e+00
4.139714717864990234e+00
4.809596061706542969e+00
4.709012031555175781e+00
4.388185977935791016e+00
4.714761734008789062e+00
4.170163154602050781e+00
4.350518703460693359e+00
3.421177148818969727e+00
3.758610963821411133e+00
3.619353294372558594e+00
3.732444763183593750e+00
3.804497003555297852e+00
3.658326864242553711e+00
4.112657546997070312e+00
3.758872747421264648e+00
3.855170488357543945e+00
3.783000946044921875e+00
3.808619022369384766e+00
3.881578922271728516e+00
3.958358526229858398e+00
4.058279991149902344e+00
3.911114931106567383e+00
3.996109247207641602e+00
3.484478712081909180e+00
3.134545087814331055e+00
3.130614757537841797e+00
3.276495933532714844e+00
3.550074577331542969e+00
3.240880489349365234e+00
3.226530551910400391e+00
3.519619464874267578e+00
3.401005983352661133e+00
3.329147577285766602e+00
3.688072919845581055e+00
3.385098457336425781e+00
3.637870073318481445e+00
3.657671451568603516e+00
3.801572322845458984e+00
3.447038650512695312e+00
3.171938180923461914e+00
3.256646394729614258e+00
2.839862585067749023e+00
2.926918983459472656e+00
2.917136192321777344e+00
3.035232067108154297e+00
2.824070692062377930e+00
2.915295362472534180e+00
3.193608760833740234e+00
2.983378171920776367e+00
2.936146259307861328e+00
3.299004793167114258e+00
2.973678350448608398e+00
3.043672800064086914e+00
3.048204183578491211e+00
3.208580970764160156e+00
2.994000196456909180e+00
2.793295383453369141e+00
3.226367473602294922e+00
2.452206134796142578e+00
2.390686035156250000e+00
3.156875371932983398e+00
3.025631427764892578e+00
2.417168855667114258e+00
2.662103176116943359e+00
2.556460618972778320e+00
2.695654153823852539e+00
2.575649738311767578e+00
2.653225183486938477e+00
2.611717462539672852e+00
3.003476619720458984e+00
3.234689474105834961e+00
2.549358367919921875e+00
2.837436914443969727e+00
2.506651163101196289e+00
2.595680236816406250e+00
2.353619813919067383e+00
2.528352975845336914e+00
2.320173501968383789e+00
2.417435884475708008e+00
2.835253238677978516e+00
2.415964841842651367e+00
2.323616981506347656e+00
2.711217880249023438e+00
2.333649873733520508e+00
2.961869955062866211e+00
2.635467767715454102e+00
2.542443513870239258e+00
2.234540939331054688e+00
2.746575832366943359e+00
2.635606527328491211e+00
2.201686620712280273e+00
2.361782789230346680e+00
2.021229743957519531e+00
1.964404821395874023e+00
2.077274084091186523e+00
2.084284782409667969e+00
2.310979843139648438e+00
2.233000278472900391e+00
2.183596134185791016e+00
2.282899379730224609e+00
2.183471441268920898e+00
2.490515708923339844e+00
2.345331668853759766e+00
2.216948032379150391e+00
2.222255706787109375e+00
2.735060214996337891e+00
2.254948854446411133e+00
2.488468408584594727e+00
2.198335647583007812e+00
1.812669157981872559e+00
1.890727877616882324e+00
1.940759181976318359e+00
1.782995820045471191e+00
1.970165491104125977e+00
1.955126166343688965e+00
1.936472654342651367e+00
2.038736820220947266e+00
2.282655954360961914e+00
2.043980598449707031e+00
2.463465690612792969e+00
2.324602842330932617e+00
2.648526906967163086e+00
2.373998165130615234e+00
1.926947951316833496e+00
1.938229441642761230e+00
1.907694458961486816e+00
1.898096442222595215e+00
2.242133855819702148e+00
1.911350250244140625e+00
1.995540738105773926e+00
1.735972881317138672e+00
1.823209285736083984e+00
1.659575700759887695e+00
1.572731256484985352e+00
1.944349050521850586e+00
1.716133117675781250e+00
2.483199119567871094e+00
2.148088932037353516e+00
1.752320766448974609e+00
1.951020956039428711e+00
2.314353942871093750e+00
1.920456886291503906e+00
1.769362568855285645e+00
