2.813775634765625000e+01
3.177497673034667969e+01
3.518015289306640625e+01
3.551081466674804688e+01
3.369316101074218750e+01
3.167252540588378906e+01
3.717510604858398438e+01
3.941802215576171875e+01
3.870056915283203125e+01
3.951705932617187500e+01
3.916955184936523438e+01
4.346044158935546875e+01
4.397085952758789062e+01
4.343686676025390625e+01
4.325579452514648438e+01
3.843288803100585938e+01
4.101115036010742188e+01
2.700262641906738281e+01
2.882823181152343750e+01
3.255028152465820312e+01
3.361349487304687500e+01
3.111159324645996094e+01
2.964208793640136719e+01
3.699082946777343750e+01
3.716316223144531250e+01
3.637873077392578125e+01
3.706918334960937500e+01
3.621057891845703125e+01
3.973880767822265625e+01
4.058140563964843750e+01
4.125750732421875000e+01
4.037540435791015625e+01
3.442095947265625000e+01
3.859380340576171875e+01
2.587850570678710938e+01
2.644466781616210938e+01
3.052085876464843750e+01
3.120090484619140625e+01
2.977153015136718750e+01
2.922062301635742188e+01
3.531857299804687500e+01
3.557854461669921875e+01
3.442211914062500000e+01
3.536646270751953125e+01
3.431354522705078125e+01
3.968974685668945312e+01
3.513676071166992188e+01
4.070301055908203125e+01
3.816992950439453125e+01
3.250569915771484375e+01
3.556269836425781250e+01
2.448798561096191406e+01
2.539891052246093750e+01
2.919405364990234375e+01
2.979301834106445312e+01
2.712770271301269531e+01
2.750302886962890625e+01
3.276522827148437500e+01
3.368093490600585938e+01
3.342930984497070312e+01
3.271856689453125000e+01
3.261537933349609375e+01
3.631482696533203125e+01
3.639159011840820312e+01
3.793798828125000000e+01
3.611589813232421875e+01
3.118669891357421875e+01
3.336062240600585938e+01
2.278306198120117188e+01
2.381879615783691406e+01
2.712067794799804688e+01
2.853961563110351562e+01
2.669045066833496094e+01
2.545492744445800781e+01
3.123269462585449219e+01
3.194859313964843750e+01
3.084200286865234375e+01
3.148425674438476562e+01
3.027297973632812500e+01
3.489472961425781250e+01
3.287482452392578125e+01
3.696098327636718750e+01
3.640492248535156250e+01
3.050367736816406250e+01
3.330455398559570312e+01
2.012543106079101562e+01
2.426819229125976562e+01
2.552247619628906250e+01
2.710670471191406250e+01
2.584791183471679688e+01
2.623425292968750000e+01
2.796389007568359375e+01
2.939559936523437500e+01
2.928681564331054688e+01
2.924674606323242188e+01
2.888973999023437500e+01
3.247584533691406250e+01
3.230674743652343750e+01
3.258841705322265625e+01
3.309697723388671875e+01
2.841940116882324219e+01
3.074359893798828125e+01
2.033786964416503906e+01
2.181700515747070312e+01
2.376284217834472656e+01
2.543973731994628906e+01
2.425053215026855469e+01
2.266311645507812500e+01
2.709674453735351562e+01
2.896595001220703125e+01
2.884237289428710938e+01
2.749255752563476562e+01
2.757734107971191406e+01
3.045328521728515625e+01
3.074322319030761719e+01
3.103449058532714844e+01
3.124594497680664062e+01
2.682981872558593750e+01
2.792949676513671875e+01
1.999715042114257812e+01
2.131664085388183594e+01
2.320279884338378906e+01
2.392996597290039062e+01
2.286403274536132812e+01
2.316501235961914062e+01
2.547048759460449219e+01
2.648278999328613281e+01
2.598634338378906250e+01
2.629072570800781250e+01
2.576697540283203125e+01
2.810968780517578125e+01
2.819074630737304688e+01
2.887851142883300781e+01
2.919821929931640625e+01
2.540628433227539062e+01
2.691950225830078125e+01
1.866053771972656250e+01
1.960441207885742188e+01
2.151692008972167969e+01
2.219818878173828125e+01
2.155511093139648438e+01
2.012967109680175781e+01
2.546962165832519531e+01
2.506302070617675781e+01
2.489647293090820312e+01
2.354221725463867188e+01
2.375904846191406250e+01
2.676652908325195312e+01
2.721252822875976562e+01
2.590481567382812500e+01
2.746998977661132812e+01
2.401253890991210938e+01
2.508125305175781250e+01
1.776928520202636719e+01
1.735073089599609375e+01
2.093372726440429688e+01
2.102234268188476562e+01
1.951764869689941406e+01
1.895518875122070312e+01
2.342822456359863281e+01
2.267941093444824219e+01
2.303115081787109375e+01
2.338365554809570312e+01
2.334250640869140625e+01
2.630846405029296875e+01
2.552974700927734375e+01
2.550202560424804688e+01
2.667745208740234375e+01
2.134159851074218750e+01
2.394161987304687500e+01
