7.906522369384765625e+01
8.324272155761718750e+01
9.469837951660156250e+01
9.883898925781250000e+01
9.008981323242187500e+01
8.548292541503906250e+01
1.049116821289062500e+02
1.056147689819335938e+02
1.024866638183593750e+02
1.011755676269531250e+02
9.727671813964843750e+01
1.118052825927734375e+02
1.055075225830078125e+02
1.089998168945312500e+02
1.059851837158203125e+02
8.602192687988281250e+01
9.004363250732421875e+01
5.321729278564453125e+01
5.542362594604492188e+01
6.380316925048828125e+01
6.570620727539062500e+01
6.001321411132812500e+01
5.672579193115234375e+01
7.048364257812500000e+01
7.068298339843750000e+01
6.823042297363281250e+01
6.805547332763671875e+01
6.522480773925781250e+01
7.515683746337890625e+01
7.249249267578125000e+01
7.462687683105468750e+01
7.167210388183593750e+01
5.766083145141601562e+01
6.245097351074218750e+01
3.535590362548828125e+01
3.743642425537109375e+01
4.182164764404296875e+01
4.327577972412109375e+01
3.964691925048828125e+01
3.709381484985351562e+01
4.629888153076171875e+01
4.619021606445312500e+01
4.571559143066406250e+01
4.468897247314453125e+01
4.379364776611328125e+01
4.963860321044921875e+01
4.683900070190429688e+01
4.712063598632812500e+01
4.681497192382812500e+01
3.687615203857421875e+01
3.887903594970703125e+01
2.256938934326171875e+01
2.324987602233886719e+01
2.665153312683105469e+01
2.745329093933105469e+01
2.493022346496582031e+01
2.313227462768554688e+01
2.900546646118164062e+01
2.917624664306640625e+01
2.835140991210937500e+01
2.800816726684570312e+01
2.654428291320800781e+01
3.042857360839843750e+01
2.924473762512207031e+01
2.958232498168945312e+01
2.870696449279785156e+01
2.298773574829101562e+01
2.379921340942382812e+01
1.329005432128906250e+01
1.405830955505371094e+01
1.583383178710937500e+01
1.637156486511230469e+01
1.473205375671386719e+01
1.379189777374267578e+01
1.744555091857910156e+01
1.729984664916992188e+01
1.674488258361816406e+01
1.649739074707031250e+01
1.569682788848876953e+01
1.819109725952148438e+01
1.732835006713867188e+01
1.771631622314453125e+01
1.714193153381347656e+01
1.351980018615722656e+01
1.421371269226074219e+01
7.421061515808105469e+00
7.813582897186279297e+00
9.024590492248535156e+00
9.596387863159179688e+00
8.312253952026367188e+00
7.712272167205810547e+00
9.920391082763671875e+00
9.971789360046386719e+00
9.601856231689453125e+00
9.519004821777343750e+00
8.918603897094726562e+00
1.040382766723632812e+01
1.008543395996093750e+01
1.010663318634033203e+01
9.650530815124511719e+00
7.388678550720214844e+00
7.927118301391601562e+00
4.045465469360351562e+00
4.154973506927490234e+00
4.992597579956054688e+00
5.068311691284179688e+00
4.514808177947998047e+00
4.068568706512451172e+00
5.369906425476074219e+00
5.478898525238037109e+00
5.223384380340576172e+00
5.071815490722656250e+00
4.868077278137207031e+00
5.695682048797607422e+00
5.462395191192626953e+00
5.480342388153076172e+00
5.216584205627441406e+00
4.036619186401367188e+00
4.209285736083984375e+00
1.962120294570922852e+00
2.172680377960205078e+00
2.563979148864746094e+00
2.596291542053222656e+00
2.263423442840576172e+00
1.993590354919433594e+00
2.746422529220581055e+00
2.763947010040283203e+00
2.697099685668945312e+00
2.570226669311523438e+00
2.624063968658447266e+00
2.940500259399414062e+00
2.778510570526123047e+00
2.835348606109619141e+00
2.696723937988281250e+00
2.035193443298339844e+00
2.526265621185302734e+00
8.865196704864501953e-01
9.480140209197998047e-01
1.181767702102661133e+00
1.249171495437622070e+00
9.948139786720275879e-01
9.469464421272277832e-01
1.351685166358947754e+00
1.304478645324707031e+00
1.231439590454101562e+00
1.224234700202941895e+00
1.210142970085144043e+00
1.423926830291748047e+00
1.329485416412353516e+00
1.393359422683715820e+00
1.320413231849670410e+00
9.490008354187011719e-01
9.929761886596679688e-01
3.224750757217407227e-01
3.551455140113830566e-01
4.683558940887451172e-01
5.216891765594482422e-01
4.137184917926788330e-01
3.771865963935852051e-01
6.231994628906250000e-01
6.072930097579956055e-01
5.532178282737731934e-01
5.863144993782043457e-01
5.029505491256713867e-01
7.113251686096191406e-01
6.346787214279174805e-01
6.530407071113586426e-01
6.011022329330444336e-01
3.927644491195678711e-01
6.680712699890136719e-01
