7.906522369384765625e+01
8.324272155761718750e+01
9.469837951660156250e+01
9.883898925781250000e+01
9.008981323242187500e+01
8.548292541503906250e+01
1.049116821289062500e+02
1.056147689819335938e+02
1.024866638183593750e+02
1.011755676269531250e+02
9.727671813964843750e+01
1.118052825927734375e+02
1.055075225830078125e+02
1.089998168945312500e+02
1.059851837158203125e+02
8.602192687988281250e+01
9.004363250732421875e+01
5.321729278564453125e+01
5.542362594604492188e+01
6.380316925048828125e+01
6.570620727539062500e+01
6.001321411132812500e+01
5.672579193115234375e+01
7.048364257812500000e+01
7.068298339843750000e+01
6.823042297363281250e+01
6.805547332763671875e+01
6.522480773925781250e+01
7.515683746337890625e+01
7.249249267578125000e+01
7.462687683105468750e+01
7.167210388183593750e+01
5.766083145141601562e+01
6.245097351074218750e+01
3.535590362548828125e+01
3.743642425537109375e+01
4.182164764404296875e+01
4.327577972412109375e+01
3.964691925048828125e+01
3.709381484985351562e+01
4.629888153076171875e+01
4.619021606445312500e+01
4.571559143066406250e+01
4.468897247314453125e+01
4.379364776611328125e+01
4.963860321044921875e+01
4.683900070190429688e+01
4.712063598632812500e+01
4.681497192382812500e+01
3.687615203857421875e+01
3.887903594970703125e+01
2.256938934326171875e+01
2.324987602233886719e+01
2.665153312683105469e+01
2.745329093933105469e+01
2.493022346496582031e+01
2.313227462768554688e+01
2.900546646118164062e+01
2.917624664306640625e+01
2.835140991210937500e+01
2.800816726684570312e+01
2.654428291320800781e+01
3.042857360839843750e+01
2.924473762512207031e+01
2.958232498168945312e+01
2.870696449279785156e+01
2.298773574829101562e+01
2.379921340942382812e+01
1.329005432128906250e+01
1.405830955505371094e+01
1.583383178710937500e+01
1.637156486511230469e+01
1.473205375671386719e+01
1.379189777374267578e+01
1.744555091857910156e+01
1.729984664916992188e+01
1.674488258361816406e+01
1.649739074707031250e+01
1.569682788848876953e+01
1.819109725952148438e+01
1.732835006713867188e+01
1.771631622314453125e+01
1.714193153381347656e+01
1.351980018615722656e+01
1.421371269226074219e+01
7.421061515808105469e+00
7.813582897186279297e+00
9.024590492248535156e+00
9.596387863159179688e+00
8.312253952026367188e+00
7.712272167205810547e+00
9.920391082763671875e+00
9.971789360046386719e+00
9.601856231689453125e+00
9.519004821777343750e+00
8.918603897094726562e+00
1.040382766723632812e+01
1.008543395996093750e+01
1.010663318634033203e+01
9.650530815124511719e+00
7.388678550720214844e+00
7.927118301391601562e+00
4.045465469360351562e+00
4.154973506927490234e+00
4.992597579956054688e+00
5.068311691284179688e+00
4.514808177947998047e+00
4.068568706512451172e+00
5.369906425476074219e+00
5.478898525238037109e+00
5.223384380340576172e+00
5.071815490722656250e+00
4.868077278137207031e+00
5.695682048797607422e+00
5.462395191192626953e+00
5.480342388153076172e+00
5.216584205627441406e+00
4.036619186401367188e+00
4.209285736083984375e+00
1.962120294570922852e+00
2.172680377960205078e+00
2.563979148864746094e+00
2.596291542053222656e+00
2.263423442840576172e+00
1.993590354919433594e+00
2.746422529220581055e+00
2.763947010040283203e+00
2.697099685668945312e+00
2.570226669311523438e+00
2.624063968658447266e+00
2.940500259399414062e+00
2.778510570526123047e+00
2.835348606109619141e+00
2.696723937988281250e+00
2.035193443298339844e+00
2.526265621185302734e+00
8.865196704864501953e-01
9.480140209197998047e-01
1.181767702102661133e+00
1.249171495437622070e+00
9.948139786720275879e-01
9.469464421272277832e-01
1.351685166358947754e+00
1.304478645324707031e+00
1.231439590454101562e+00
1.224234700202941895e+00
1.210142970085144043e+00
1.423926830291748047e+00
1.329485416412353516e+00
1.393359422683715820e+00
1.320413231849670410e+00
9.490008354187011719e-01
9.929761886596679688e-01
3.224750757217407227e-01
3.551455140113830566e-01
4.683558940887451172e-01
5.216891765594482422e-01
4.137184917926788330e-01
3.771865963935852051e-01
6.231994628906250000e-01
6.072930097579956055e-01
5.532178282737731934e-01
5.863144993782043457e-01
5.029505491256713867e-01
7.113251686096191406e-01
6.346787214279174805e-01
6.530407071113586426e-01
6.011022329330444336e-01
3.927644491195678711e-01
6.680712699890136719e-01
1.228657960891723633e-01
1.355943083763122559e-01
2.061972320079803467e-01
2.104302048683166504e-01
1.802209317684173584e-01
1.779546141624450684e-01
2.889872193336486816e-01
3.036313056945800781e-01
2.737182080745697021e-01
3.567535877227783203e-01
2.388822734355926514e-01
3.228571712970733643e-01
3.130229115486145020e-01
3.193506002426147461e-01
3.243086338043212891e-01
2.211728096008300781e-01
2.276763916015625000e-01
3.349033743143081665e-02
4.029721766710281372e-02
9.646104276180267334e-02
1.081454902887344360e-01
1.260681003332138062e-01
1.934203356504440308e-01
2.443150281906127930e-01
1.814604997634887695e-01
1.382166743278503418e-01
2.850541770458221436e-01
2.713351249694824219e-01
3.074237704277038574e-01
2.843294441699981689e-01
2.703029513359069824e-01
3.764854371547698975e-01
3.223414421081542969e-01
4.189705550670623779e-01
3.150876164436340332e-01
2.100890874862670898e-01
2.636837363243103027e-01
6.138864532113075256e-02
5.311021208763122559e-02
1.159649714827537537e-01
7.993791997432708740e-02
7.637058198451995850e-02
5.483311414718627930e-02
1.431373655796051025e-01
1.395123302936553955e-01
1.346290856599807739e-01
1.183153092861175537e-01
1.121519729495048523e-01
1.787009388208389282e-01
1.532407104969024658e-01
1.773233413696289062e-01
1.977101862430572510e-01
9.377266466617584229e-02
9.010877460241317749e-02
1.456455234438180923e-02
1.478825975209474564e-02
2.915515564382076263e-02
2.486474066972732544e-02
1.959987729787826538e-02
1.300571486353874207e-02
5.332352966070175171e-02
9.114287048578262329e-02
7.476180791854858398e-02
3.505083173513412476e-02
5.761593580245971680e-02
9.047429263591766357e-02
6.005498021841049194e-02
7.662478089332580566e-02
7.585494220256805420e-02
2.278363108634948730e-01
4.070772603154182434e-02
7.542606443166732788e-03
3.887586295604705811e-03
3.776660421863198280e-03
9.824381209909915924e-03
4.731838591396808624e-03
3.460729029029607773e-03
3.118075057864189148e-02
2.235309779644012451e-02
2.037095837295055389e-02
2.134215831756591797e-02
1.486248895525932312e-02
5.380260199308395386e-02
4.113825038075447083e-02
4.173060134053230286e-02
3.692948073148727417e-02
9.619873017072677612e-03
1.630382239818572998e-02
2.334642782807350159e-02
1.159058231860399246e-02
1.060134917497634888e-02
6.486846599727869034e-03
2.389029785990715027e-02
2.346448600292205811e-02
1.027935557067394257e-02
2.760053426027297974e-02
1.189992949366569519e-02
1.237191911786794662e-02
1.881899498403072357e-02
2.807387709617614746e-02
1.662351377308368683e-02
2.605010010302066803e-02
2.759409509599208832e-02
3.633189247921109200e-03
2.735617011785507202e-02
2.423533797264099121e-02
1.991329155862331390e-02
7.726245094090700150e-03
1.758300699293613434e-03
6.587876472622156143e-03
1.025993935763835907e-02
1.446860842406749725e-02
1.457406952977180481e-02
1.973656378686428070e-02
5.389099940657615662e-03
7.030220702290534973e-03
1.827260293066501617e-02
2.144522219896316528e-02
3.564470261335372925e-02
3.890089690685272217e-02
4.701145924627780914e-03
9.267357178032398224e-03
2.371522039175033569e-02
1.737274229526519775e-02
7.780262269079685211e-03
9.157017804682254791e-03
2.483451738953590393e-02
6.814080290496349335e-03
1.017910987138748169e-02
1.602478884160518646e-02
5.663238000124692917e-03
6.125584244728088379e-03
1.320755854249000549e-02
2.362990751862525940e-02
1.444813609123229980e-02
2.195060625672340393e-02
3.309229761362075806e-02
2.006519399583339691e-02
5.293981358408927917e-02
2.254629880189895630e-02
1.427061017602682114e-02
4.008943215012550354e-03
2.927150577306747437e-03
9.038966149091720581e-03
5.930354818701744080e-03
3.928981721401214600e-03
5.547198466956615448e-03
1.833929494023323059e-02
1.983205601572990417e-02
5.747465416789054871e-03
1.629666611552238464e-02
1.613339781761169434e-02
3.090865164995193481e-02
2.524869516491889954e-02
9.168216958642005920e-03
1.250295341014862061e-02
1.973044499754905701e-02
1.353962160646915436e-02
2.752690948545932770e-02
5.104875564575195312e-02
9.120279923081398010e-03
9.311867877840995789e-03
2.117916010320186615e-03
1.543769892305135727e-02
2.011904306709766388e-02
1.573514193296432495e-02
9.770859032869338989e-03
1.665538363158702850e-02
1.571582257747650146e-02
2.788149937987327576e-02
2.798654884099960327e-02
1.633745059370994568e-02
1.379006821662187576e-02
2.037291787564754486e-02
1.326002925634384155e-02
6.203596480190753937e-03
4.489609040319919586e-03
1.166078075766563416e-02
1.648278534412384033e-02
1.518969517201185226e-02
1.448701880872249603e-02
1.293266564607620239e-02
1.096602994948625565e-02
3.470950759947299957e-03
3.328035026788711548e-02
1.996086165308952332e-02
3.007467277348041534e-02
3.702677413821220398e-02
6.061432417482137680e-03
1.813967898488044739e-02
